* Measurement data measured by REW V5.31.3
* Source: AUDIO [plughw:1,0], Headset (Headset), 0, volume: 0.797
* Format: 256k Log Swept Sine, 1 sweep at -12.0 dBFS with no timing reference
* Dated: 08 31, 26 11:11:04 AM
* REW Settings:
*  C-weighting compensation: Off
*  Target level: 75.0 dB
* Note: ; 
* Measurement: Moondrop Chu 3 L
* Smoothing: 1/24 octave
* Frequency Step: 96 ppo
* Start Frequency: 0.36621094 Hz
*
* Freq(Hz) SPL(dB) Phase(degrees)
0.366211 37.612 42.2836
0.368865 37.652 42.2734
0.371538 37.709 42.2599
0.374230 37.774 42.2465
0.376942 37.841 42.2346
0.379673 37.909 42.2247
0.382424 37.979 42.2170
0.385196 38.048 42.2114
0.387987 38.119 42.2079
0.390798 38.189 42.2065
0.393630 38.261 42.2071
0.396483 38.332 42.2096
0.399356 38.405 42.2140
0.402250 38.478 42.2202
0.405165 38.551 42.2281
0.408101 38.625 42.2377
0.411058 38.699 42.2489
0.414037 38.774 42.2616
0.417037 38.850 42.2757
0.420059 38.926 42.2912
0.423103 39.003 42.3080
0.426169 39.080 42.3260
0.429257 39.158 42.3451
0.432368 39.236 42.3652
0.435501 39.315 42.3863
0.438656 39.394 42.4082
0.441835 39.474 42.4309
0.445037 39.555 42.4543
0.448262 39.636 42.4783
0.451510 39.718 42.5028
0.454782 39.800 42.5276
0.458077 39.883 42.5528
0.461397 39.967 42.5782
0.464740 40.051 42.6036
0.468108 40.136 42.6291
0.471500 40.221 42.6545
0.474917 40.307 42.6797
0.478358 40.394 42.7045
0.481825 40.481 42.7290
0.485316 40.569 42.7530
0.488833 40.657 42.7763
0.492375 40.747 42.7990
0.495943 40.837 42.8208
0.499537 40.927 42.8417
0.503157 41.018 42.8615
0.506803 41.110 42.8803
0.510475 41.202 42.8977
0.514175 41.296 42.9139
0.517900 41.389 42.9285
0.521653 41.484 42.9416
0.525434 41.579 42.9530
0.529241 41.675 42.9627
0.533076 41.771 42.9705
0.536939 41.869 42.9763
0.540830 41.967 42.9800
0.544749 42.065 42.9815
0.548696 42.165 42.9807
0.552673 42.265 42.9775
0.556677 42.366 42.9719
0.560711 42.467 42.9636
0.564774 42.569 42.9526
0.568867 42.673 42.9389
0.572989 42.776 42.9222
0.577141 42.881 42.9025
0.581324 42.986 42.8798
0.585536 43.092 42.8539
0.589779 43.199 42.8247
0.594053 43.307 42.7922
0.598358 43.415 42.7562
0.602694 43.524 42.7166
0.607061 43.634 42.6735
0.611460 43.745 42.6266
0.615891 43.857 42.5760
0.620354 43.969 42.5214
0.624849 44.082 42.4629
0.629377 44.196 42.4004
0.633938 44.311 42.3338
0.638532 44.427 42.2630
0.643159 44.543 42.1879
0.647819 44.660 42.1085
0.652514 44.779 42.0248
0.657242 44.898 41.9365
0.662005 45.018 41.8438
0.666802 45.138 41.7464
0.671634 45.260 41.6445
0.676501 45.383 41.5378
0.681403 45.506 41.4264
0.686341 45.630 41.3102
0.691314 45.756 41.1891
0.696324 45.882 41.0631
0.701370 46.009 40.9322
0.706452 46.137 40.7963
0.711571 46.266 40.6554
0.716728 46.395 40.5096
0.721921 46.525 40.3589
0.727153 46.655 40.2040
0.732422 46.782 40.0463
0.737729 46.906 39.8881
0.743075 47.027 39.7318
0.748460 47.148 39.5787
0.753883 47.268 39.4290
0.759346 47.389 39.2826
0.764849 47.510 39.1394
0.770391 47.631 38.9990
0.775974 47.753 38.8613
0.781597 47.875 38.7259
0.787261 47.998 38.5926
0.792966 48.121 38.4611
0.798712 48.244 38.3312
0.804500 48.368 38.2025
0.810329 48.492 38.0749
0.816201 48.616 37.9482
0.822116 48.741 37.8219
0.828073 48.866 37.6960
0.834074 48.992 37.5701
0.840118 49.118 37.4440
0.846206 49.244 37.3176
0.852338 49.370 37.1904
0.858514 49.497 37.0624
0.864735 49.625 36.9332
0.871001 49.752 36.8027
0.877313 49.880 36.6706
0.883670 50.009 36.5368
0.890074 50.137 36.4009
0.896524 50.267 36.2629
0.903020 50.396 36.1224
0.909564 50.526 35.9792
0.916155 50.656 35.8333
0.922794 50.787 35.6843
0.929481 50.918 35.5321
0.936216 51.049 35.3765
0.943000 51.180 35.2172
0.949834 51.312 35.0542
0.956717 51.445 34.8872
0.963649 51.577 34.7160
0.970632 51.711 34.5405
0.977666 51.844 34.3604
0.984750 51.978 34.1757
0.991886 52.112 33.9861
0.999074 52.247 33.7915
1.006314 52.381 33.5917
1.013606 52.517 33.3865
1.020951 52.652 33.1758
1.028349 52.789 32.9594
1.035801 52.925 32.7373
1.043307 53.062 32.5091
1.050867 53.199 32.2748
1.058482 53.337 32.0343
1.066152 53.475 31.7874
1.073878 53.613 31.5340
1.081660 53.752 31.2741
1.089498 53.891 31.0082
1.097393 54.030 30.7373
1.105345 54.170 30.4635
1.113355 54.310 30.1894
1.121423 54.450 29.9162
1.129549 54.590 29.6444
1.137734 54.730 29.3740
1.145979 54.870 29.1048
1.154283 55.011 28.8368
1.162647 55.151 28.5697
1.171072 55.292 28.3032
1.179558 55.432 28.0372
1.188106 55.573 27.7715
1.196715 55.713 27.5058
1.205387 55.854 27.2400
1.214122 55.995 26.9738
1.222920 56.136 26.7071
1.231782 56.277 26.4395
1.240708 56.418 26.1710
1.249699 56.559 25.9013
1.258754 56.700 25.6301
1.267876 56.842 25.3573
1.277063 56.983 25.0827
1.286318 57.125 24.8060
1.295639 57.267 24.5271
1.305027 57.408 24.2457
1.314484 57.550 23.9616
1.324009 57.692 23.6746
1.333604 57.835 23.3846
1.343268 57.977 23.0912
1.353002 58.120 22.7944
1.362806 58.262 22.4938
1.372681 58.405 22.1893
1.382628 58.548 21.8806
1.392647 58.692 21.5676
1.402739 58.835 21.2501
1.412904 58.979 20.9278
1.423142 59.123 20.6006
1.433455 59.268 20.2682
1.443843 59.412 19.9307
1.454305 59.557 19.5884
1.464844 59.702 19.2424
1.475459 59.847 18.8946
1.486150 59.992 18.5470
1.496920 60.137 18.2005
1.507767 60.281 17.8554
1.518693 60.426 17.5115
1.529698 60.570 17.1685
1.540783 60.714 16.8261
1.551948 60.858 16.4839
1.563194 61.001 16.1417
1.574521 61.145 15.7991
1.585931 61.288 15.4557
1.597423 61.431 15.1112
1.608999 61.574 14.7654
1.620658 61.716 14.4177
1.632402 61.859 14.0680
1.644232 62.001 13.7158
1.656146 62.144 13.3609
1.668147 62.286 13.0028
1.680235 62.428 12.6412
1.692411 62.570 12.2758
1.704675 62.712 11.9063
1.717028 62.854 11.5323
1.729470 62.996 11.1535
1.742003 63.138 10.7694
1.754626 63.280 10.3798
1.767341 63.421 9.9844
1.780147 63.563 9.5828
1.793047 63.705 9.1746
1.806040 63.847 8.7597
1.819128 63.990 8.3382
1.832310 64.132 7.9106
1.845587 64.274 7.4783
1.858961 64.415 7.0426
1.872432 64.556 6.6045
1.886001 64.697 6.1642
1.899667 64.837 5.7220
1.913433 64.977 5.2780
1.927299 65.116 4.8323
1.941265 65.255 4.3849
1.955332 65.394 3.9358
1.969501 65.532 3.4849
1.983773 65.670 3.0324
1.998148 65.807 2.5780
2.012627 65.944 2.1218
2.027212 66.081 1.6636
2.041902 66.218 1.2034
2.056698 66.354 0.7409
2.071602 66.490 0.2761
2.086614 66.625 -0.1913
2.101734 66.761 -0.6614
2.116964 66.896 -1.1344
2.132304 67.031 -1.6106
2.147756 67.166 -2.0902
2.163320 67.300 -2.5734
2.178996 67.435 -3.0606
2.194786 67.569 -3.5518
2.210690 67.703 -4.0471
2.226710 67.837 -4.5463
2.242845 67.970 -5.0490
2.259098 68.102 -5.5548
2.275468 68.234 -6.0635
2.291957 68.364 -6.5747
2.308566 68.495 -7.0881
2.325295 68.624 -7.6036
2.342145 68.754 -8.1209
2.359117 68.882 -8.6398
2.376212 69.010 -9.1601
2.393431 69.138 -9.6818
2.410775 69.265 -10.2047
2.428244 69.391 -10.7288
2.445840 69.517 -11.2540
2.463564 69.643 -11.7804
2.481416 69.768 -12.3078
2.499397 69.893 -12.8365
2.517509 70.018 -13.3665
2.535752 70.142 -13.8979
2.554127 70.266 -14.4314
2.572635 70.390 -14.9675
2.591277 70.512 -15.5072
2.610055 70.634 -16.0508
2.628968 70.756 -16.5981
2.648019 70.876 -17.1487
2.667208 70.996 -17.7022
2.686535 71.115 -18.2580
2.706003 71.233 -18.8157
2.725612 71.350 -19.3749
2.745363 71.467 -19.9350
2.765257 71.583 -20.4959
2.785295 71.698 -21.0569
2.805478 71.813 -21.6180
2.825808 71.927 -22.1787
2.846285 72.041 -22.7387
2.866910 72.154 -23.2980
2.887685 72.267 -23.8564
2.908611 72.380 -24.4141
2.929688 72.492 -24.9719
2.950917 72.603 -25.5313
2.972301 72.714 -26.0934
2.993839 72.823 -26.6587
3.015534 72.932 -27.2269
3.037386 73.040 -27.7974
3.059396 73.146 -28.3697
3.081565 73.253 -28.9432
3.103896 73.358 -29.5172
3.126388 73.462 -30.0911
3.149043 73.566 -30.6644
3.171862 73.669 -31.2364
3.194847 73.772 -31.8067
3.217998 73.874 -32.3748
3.241317 73.976 -32.9403
3.264805 74.077 -33.5030
3.288463 74.178 -34.0633
3.312293 74.279 -34.6224
3.336295 74.378 -35.1821
3.360471 74.477 -35.7432
3.384822 74.574 -36.3056
3.409350 74.671 -36.8689
3.434056 74.767 -37.4327
3.458940 74.862 -37.9964
3.484005 74.956 -38.5593
3.509252 75.050 -39.1209
3.534681 75.143 -39.6807
3.560295 75.236 -40.2379
3.586094 75.329 -40.7921
3.612081 75.421 -41.3428
3.638255 75.512 -41.8899
3.664620 75.604 -42.4338
3.691175 75.694 -42.9757
3.717923 75.784 -43.5168
3.744864 75.874 -44.0575
3.772001 75.962 -44.5978
3.799335 76.050 -45.1374
3.826866 76.137 -45.6758
3.854597 76.224 -46.2128
3.882529 76.310 -46.7479
3.910664 76.396 -47.2806
3.939002 76.481 -47.8106
3.967546 76.567 -48.3374
3.996296 76.652 -48.8608
4.025255 76.737 -49.3808
4.054423 76.822 -49.8980
4.083804 76.906 -50.4132
4.113396 76.990 -50.9267
4.143204 77.073 -51.4387
4.173227 77.156 -51.9492
4.203468 77.238 -52.4582
4.233928 77.321 -52.9655
4.264609 77.402 -53.4711
4.295512 77.484 -53.9749
4.326639 77.566 -54.4768
4.357992 77.648 -54.9767
4.389572 77.729 -55.4745
4.421380 77.811 -55.9705
4.453419 77.892 -56.4649
4.485691 77.973 -56.9578
4.518196 78.054 -57.4495
4.550936 78.134 -57.9401
4.583914 78.215 -58.4298
4.617131 78.295 -58.9187
4.650589 78.375 -59.4069
4.684289 78.455 -59.8946
4.718233 78.534 -60.3819
4.752424 78.614 -60.8688
4.786862 78.694 -61.3555
4.821549 78.774 -61.8420
4.856488 78.853 -62.3284
4.891680 78.932 -62.8147
4.927127 79.011 -63.3010
4.962831 79.090 -63.7874
4.998794 79.169 -64.2740
5.035017 79.247 -64.7610
5.071503 79.325 -65.2484
5.108253 79.403 -65.7365
5.145270 79.481 -66.2255
5.182555 79.558 -66.7157
5.220110 79.635 -67.2071
5.257937 79.712 -67.6996
5.296038 79.788 -68.1930
5.334415 79.864 -68.6871
5.373071 79.940 -69.1816
5.412006 80.015 -69.6764
5.451224 80.090 -70.1714
5.490725 80.164 -70.6670
5.530514 80.238 -71.1637
5.570590 80.311 -71.6618
5.610957 80.384 -72.1613
5.651616 80.456 -72.6619
5.692570 80.528 -73.1629
5.733821 80.599 -73.6638
5.775370 80.669 -74.1641
5.817221 80.739 -74.6634
5.859375 80.808 -75.1618
5.901834 80.877 -75.6601
5.944602 80.945 -76.1587
5.987679 81.012 -76.6577
6.031068 81.079 -77.1566
6.074771 81.145 -77.6547
6.118792 81.210 -78.1514
6.163131 81.275 -78.6460
6.207792 81.339 -79.1382
6.252776 81.403 -79.6282
6.298086 81.466 -80.1168
6.343725 81.528 -80.6041
6.389694 81.590 -81.0902
6.435996 81.651 -81.5745
6.482634 81.712 -82.0567
6.529610 81.773 -82.5364
6.576926 81.833 -83.0131
6.624585 81.892 -83.4871
6.672590 81.952 -83.9585
6.720942 82.011 -84.4278
6.769645 82.069 -84.8952
6.818700 82.127 -85.3606
6.868111 82.185 -85.8241
6.917881 82.243 -86.2857
6.968010 82.301 -86.7454
7.018504 82.358 -87.2031
7.069362 82.416 -87.6590
7.120590 82.473 -88.1135
7.172189 82.530 -88.5668
7.224161 82.586 -89.0195
7.276511 82.643 -89.4719
7.329239 82.700 -89.9242
7.382350 82.756 -90.3763
7.435845 82.813 -90.8284
7.489729 82.869 -91.2804
7.544002 82.925 -91.7328
7.598669 82.981 -92.1858
7.653732 83.036 -92.6398
7.709194 83.091 -93.0951
7.765058 83.146 -93.5518
7.821327 83.201 -94.0099
7.878004 83.255 -94.4692
7.935091 83.309 -94.9295
7.992592 83.362 -95.3905
8.050510 83.415 -95.8525
8.108847 83.466 -96.3158
8.167607 83.518 -96.7805
8.226793 83.568 -97.2462
8.286408 83.618 -97.7122
8.346454 83.668 -98.1779
8.406936 83.716 -98.6427
8.467856 83.764 -99.1067
8.529218 83.810 -99.5704
8.591024 83.856 -100.0336
8.653278 83.902 -100.4953
8.715983 83.946 -100.9546
8.779143 83.990 -101.4109
8.842760 84.033 -101.8641
8.906839 84.075 -102.3146
8.971381 84.117 -102.7623
9.036392 84.158 -103.2067
9.101873 84.199 -103.6473
9.167829 84.239 -104.0837
9.234263 84.279 -104.5159
9.301178 84.319 -104.9442
9.368578 84.358 -105.3689
9.436467 84.397 -105.7903
9.504847 84.436 -106.2084
9.573723 84.476 -106.6232
9.643099 84.515 -107.0349
9.712976 84.554 -107.4439
9.783361 84.594 -107.8511
9.854255 84.633 -108.2572
9.925663 84.673 -108.6626
9.997588 84.713 -109.0672
10.070035 84.753 -109.4714
10.143007 84.794 -109.8760
10.216507 84.834 -110.2816
10.290540 84.874 -110.6889
10.365109 84.915 -111.0977
10.440219 84.955 -111.5083
10.515873 84.995 -111.9205
10.592076 85.035 -112.3347
10.668830 85.074 -112.7511
10.746141 85.113 -113.1698
10.824012 85.152 -113.5903
10.902447 85.190 -114.0120
10.981451 85.227 -114.4347
11.061027 85.264 -114.8582
11.141180 85.300 -115.2824
11.221913 85.335 -115.7068
11.303232 85.370 -116.1304
11.385140 85.404 -116.5528
11.467641 85.437 -116.9738
11.550741 85.470 -117.3934
11.634442 85.502 -117.8110
11.718750 85.534 -118.2261
11.803669 85.565 -118.6385
11.889203 85.596 -119.0484
11.975357 85.627 -119.4557
12.062136 85.657 -119.8605
12.149543 85.687 -120.2628
12.237583 85.717 -120.6626
12.326262 85.746 -121.0603
12.415583 85.776 -121.4562
12.505552 85.805 -121.8505
12.596172 85.834 -122.2434
12.687449 85.863 -122.6349
12.779387 85.891 -123.0252
12.871992 85.920 -123.4146
12.965268 85.948 -123.8029
13.059220 85.976 -124.1900
13.153852 86.003 -124.5757
13.249170 86.030 -124.9598
13.345179 86.057 -125.3421
13.441884 86.083 -125.7224
13.539289 86.109 -126.1000
13.637401 86.135 -126.4748
13.736223 86.160 -126.8466
13.835761 86.186 -127.2152
13.936021 86.211 -127.5805
14.037007 86.236 -127.9424
14.138725 86.261 -128.3011
14.241180 86.286 -128.6572
14.344377 86.311 -129.0110
14.448323 86.337 -129.3628
14.553021 86.363 -129.7134
14.658478 86.389 -130.0638
14.764700 86.415 -130.4146
14.871691 86.442 -130.7663
14.979457 86.468 -131.1197
15.088005 86.495 -131.4756
15.197339 86.522 -131.8342
15.307465 86.548 -132.1954
15.418389 86.574 -132.5594
15.530117 86.599 -132.9261
15.642655 86.624 -133.2948
15.756008 86.648 -133.6646
15.870182 86.671 -134.0350
15.985184 86.694 -134.4051
16.101019 86.715 -134.7737
16.217694 86.736 -135.1398
16.335214 86.755 -135.5029
16.453586 86.775 -135.8623
16.572815 86.793 -136.2174
16.692909 86.812 -136.5683
16.813872 86.830 -136.9155
16.935713 86.849 -137.2594
17.058436 86.867 -137.6006
17.182048 86.886 -137.9404
17.306556 86.905 -138.2801
17.431967 86.924 -138.6203
17.558286 86.944 -138.9623
17.685521 86.963 -139.3070
17.813677 86.982 -139.6543
17.942762 87.000 -140.0043
18.072783 87.018 -140.3566
18.203746 87.034 -140.7100
18.335658 87.050 -141.0630
18.468526 87.065 -141.4142
18.602356 87.078 -141.7618
18.737156 87.091 -142.1039
18.872934 87.103 -142.4395
19.009695 87.115 -142.7680
19.147447 87.127 -143.0890
19.286197 87.139 -143.4034
19.425953 87.153 -143.7127
19.566721 87.167 -144.0190
19.708510 87.182 -144.3248
19.851326 87.198 -144.6331
19.995177 87.216 -144.9461
20.140070 87.233 -145.2658
20.286013 87.251 -145.5934
20.433014 87.268 -145.9284
20.581080 87.284 -146.2696
20.730219 87.298 -146.6146
20.880439 87.311 -146.9599
21.031747 87.322 -147.3017
21.184152 87.331 -147.6366
21.337661 87.340 -147.9614
21.492282 87.348 -148.2747
21.648024 87.356 -148.5767
21.804895 87.366 -148.8690
21.962902 87.377 -149.1557
22.122054 87.390 -149.4418
22.282360 87.405 -149.7325
22.443827 87.421 -150.0332
22.606464 87.437 -150.3468
22.770280 87.452 -150.6745
22.935283 87.466 -151.0147
23.101481 87.476 -151.3618
23.268884 87.482 -151.7088
23.437500 87.485 -152.0460
23.607338 87.484 -152.3635
23.778406 87.480 -152.6531
23.950714 87.476 -152.9085
24.124271 87.473 -153.1289
24.299086 87.473 -153.3177
24.475167 87.478 -153.4834
24.652524 87.490 -153.6393
24.831166 87.508 -153.7996
25.011103 87.532 -153.9804
25.192344 87.561 -154.1933
25.374898 87.591 -154.4470
25.558775 87.622 -154.7433
25.743984 87.649 -155.0786
25.930536 87.672 -155.4446
26.118439 87.689 -155.8285
26.307704 87.700 -156.2176
26.498341 87.706 -156.5989
26.690359 87.708 -156.9633
26.883768 87.707 -157.3051
27.078579 87.705 -157.6234
27.274801 87.704 -157.9208
27.472446 87.703 -158.2024
27.671522 87.705 -158.4743
27.872042 87.708 -158.7421
28.074014 87.712 -159.0096
28.277450 87.717 -159.2787
28.482360 87.722 -159.5501
28.688755 87.728 -159.8240
28.896645 87.735 -160.1008
29.106042 87.742 -160.3824
29.316957 87.750 -160.6712
29.529400 87.758 -160.9702
29.743382 87.766 -161.2814
29.958915 87.773 -161.6045
30.176009 87.777 -161.9363
30.394677 87.778 -162.2710
30.614929 87.776 -162.6004
30.836778 87.771 -162.9161
31.060234 87.764 -163.2115
31.285309 87.756 -163.4828
31.512015 87.749 -163.7307
31.740364 87.744 -163.9594
31.970368 87.742 -164.1762
32.202039 87.743 -164.3888
32.435388 87.746 -164.6039
32.670428 87.750 -164.8253
32.907171 87.755 -165.0536
33.145630 87.759 -165.2873
33.385817 87.764 -165.5237
33.627745 87.768 -165.7607
33.871425 87.772 -165.9981
34.116871 87.777 -166.2378
34.364096 87.783 -166.4833
34.613113 87.789 -166.7386
34.863934 87.793 -167.0059
35.116572 87.797 -167.2846
35.371041 87.797 -167.5703
35.627354 87.794 -167.8555
35.885525 87.788 -168.1311
36.145566 87.780 -168.3887
36.407492 87.771 -168.6238
36.671316 87.764 -168.8377
36.937051 87.759 -169.0381
37.204712 87.758 -169.2379
37.474313 87.761 -169.4512
37.745867 87.765 -169.6884
38.019389 87.769 -169.9530
38.294893 87.770 -170.2390
38.572394 87.767 -170.5331
38.851905 87.760 -170.8196
39.133442 87.751 -171.0859
39.417019 87.742 -171.3279
39.702651 87.735 -171.5522
39.990353 87.732 -171.7722
40.280140 87.732 -172.0028
40.572026 87.732 -172.2522
40.866028 87.731 -172.5178
41.162160 87.727 -172.7868
41.460438 87.720 -173.0436
41.760877 87.713 -173.2769
42.063494 87.707 -173.4867
42.368303 87.705 -173.6863
42.675322 87.708 -173.8961
42.984565 87.714 -174.1335
43.296048 87.719 -174.4049
43.609789 87.719 -174.7024
43.925804 87.714 -175.0064
44.244108 87.702 -175.2939
44.564719 87.687 -175.5489
44.887654 87.672 -175.7681
45.212928 87.659 -175.9598
45.540560 87.649 -176.1386
45.870565 87.643 -176.3187
46.202962 87.638 -176.5080
46.537768 87.633 -176.7073
46.875000 87.628 -176.9128
47.214676 87.623 -177.1206
47.556813 87.618 -177.3300
47.901429 87.613 -177.5439
48.248542 87.608 -177.7665
48.598171 87.603 -178.0002
48.950334 87.597 -178.2432
49.305048 87.589 -178.4898
49.662333 87.578 -178.7327
50.022206 87.567 -178.9666
50.384688 87.556 -179.1908
50.749796 87.546 -179.4094
51.117550 87.537 -179.6283
51.487969 87.528 -179.8512
51.861072 87.520 179.9231
52.236879 87.511 179.6990
52.615409 87.502 179.4794
52.996681 87.495 179.2611
53.380717 87.490 179.0350
53.767536 87.486 178.7914
54.157158 87.481 178.5276
54.549603 87.472 178.2511
54.944892 87.460 177.9769
55.343045 87.444 177.7185
55.744084 87.428 177.4821
56.148028 87.412 177.2654
56.554900 87.397 177.0630
56.964720 87.383 176.8712
57.377510 87.371 176.6876
57.793291 87.361 176.5067
58.212085 87.353 176.3187
58.633914 87.346 176.1133
59.058799 87.339 175.8885
59.486764 87.328 175.6543
59.917829 87.313 175.4270
60.352019 87.297 175.2173
60.789354 87.282 175.0229
61.229859 87.268 174.8323
61.673556 87.255 174.6351
62.120468 87.242 174.4301
62.570618 87.227 174.2238
63.024031 87.212 174.0217
63.480729 87.197 173.8230
63.940736 87.183 173.6226
64.404077 87.169 173.4173
64.870776 87.154 173.2091
65.340856 87.139 173.0021
65.814343 87.124 172.7988
66.291261 87.109 172.5976
66.771635 87.094 172.3960
67.255489 87.079 172.1927
67.742850 87.064 171.9885
68.233743 87.048 171.7850
68.728193 87.032 171.5841
69.226226 87.015 171.3869
69.727867 86.998 171.1930
70.233144 86.981 171.0003
70.742083 86.964 170.8073
71.254709 86.945 170.6155
71.771050 86.926 170.4297
72.291132 86.906 170.2536
72.814984 86.888 170.0846
73.342631 86.871 169.9140
73.874102 86.855 169.7340
74.409424 86.838 169.5445
74.948626 86.820 169.3519
75.491734 86.802 169.1621
76.038779 86.784 168.9752
76.589787 86.765 168.7882
77.144788 86.746 168.6010
77.703811 86.727 168.4171
78.266885 86.707 168.2391
78.834039 86.687 168.0661
79.405303 86.667 167.8943
79.980706 86.647 167.7195
80.560280 86.627 167.5402
81.144053 86.605 167.3594
81.732056 86.582 167.1822
82.324320 86.558 167.0107
82.920876 86.535 166.8426
83.521755 86.512 166.6744
84.126988 86.489 166.5031
84.736607 86.467 166.3255
85.350643 86.445 166.1414
85.969129 86.423 165.9551
86.592097 86.400 165.7709
87.219579 86.376 165.5898
87.851608 86.353 165.4133
88.488217 86.330 165.2433
89.129439 86.309 165.0760
89.775308 86.287 164.9041
90.425856 86.265 164.7269
91.081119 86.243 164.5479
91.741131 86.220 164.3646
92.405925 86.195 164.1754
93.075536 86.168 163.9915
93.750000 86.140 163.8249
94.429351 86.113 163.6721
95.113625 86.087 163.5215
95.802858 86.062 163.3692
96.497085 86.037 163.2162
97.196342 86.011 163.0621
97.900667 85.985 162.9091
98.610096 85.957 162.7611
99.324665 85.928 162.6174
100.044413 85.900 162.4737
100.769376 85.871 162.3298
101.499592 85.842 162.1866
102.235100 85.813 162.0401
102.975938 85.785 161.8868
103.722144 85.756 161.7313
104.473757 85.726 161.5809
105.230817 85.696 161.4368
105.993363 85.665 161.2951
106.761435 85.633 161.1561
107.535072 85.599 161.0260
108.314315 85.564 160.9023
109.099206 85.530 160.7697
109.889783 85.494 160.6223
110.686090 85.457 160.4716
111.488167 85.419 160.3248
112.296056 85.383 160.1744
113.109800 85.347 160.0240
113.929440 85.310 159.8975
114.755020 85.274 159.8046
115.586582 85.238 159.7284
116.424170 85.200 159.6663
117.267827 85.157 159.6468
118.117598 85.115 159.6852
118.973527 85.078 159.7320
119.835658 85.046 159.6984
120.704037 85.005 159.5648
121.578708 84.952 159.4014
122.459718 84.891 159.2606
123.347111 84.825 159.1533
124.240935 84.758 159.0992
125.141236 84.695 159.1006
126.048061 84.636 159.1334
126.961458 84.578 159.2029
127.881473 84.521 159.3540
128.808154 84.472 159.6083
129.741551 84.436 159.9182
130.681712 84.412 160.2475
131.628686 84.400 160.6385
132.582521 84.410 161.0766
133.543269 84.441 161.4184
134.510979 84.475 161.6100
135.485701 84.501 161.7749
136.467486 84.531 161.9568
137.456386 84.567 162.0415
138.452451 84.601 161.9720
139.455735 84.624 161.7987
140.466288 84.640 161.5706
141.484165 84.652 161.2875
142.509418 84.658 160.9398
143.542100 84.656 160.5610
144.582265 84.644 160.2065
145.629968 84.626 159.9007
146.685262 84.603 159.6378
147.748204 84.576 159.4042
148.818849 84.545 159.1904
149.897251 84.511 158.9973
150.983469 84.474 158.8236
152.077557 84.439 158.6568
153.179574 84.404 158.4871
154.289576 84.370 158.3151
155.407622 84.334 158.1515
156.533770 84.298 158.0113
157.668078 84.262 157.8935
158.810606 84.226 157.7849
159.961413 84.191 157.6770
161.120559 84.155 157.5695
162.288105 84.118 157.4661
163.464112 84.080 157.3668
164.648640 84.041 157.2728
165.841752 84.001 157.1884
167.043510 83.961 157.1138
168.253976 83.922 157.0472
169.473213 83.882 156.9875
170.701286 83.842 156.9306
171.938258 83.802 156.8739
173.184194 83.762 156.8204
174.439158 83.723 156.7729
175.703216 83.685 156.7273
176.976434 83.648 156.6781
178.258878 83.612 156.6268
179.550615 83.576 156.5783
180.851713 83.540 156.5370
182.162239 83.502 156.5083
183.482262 83.463 156.4912
184.811850 83.423 156.4786
186.151073 83.381 156.4662
187.500000 83.337 156.4536
188.858702 83.292 156.4417
190.227250 83.249 156.4307
191.605715 83.208 156.4204
192.994169 83.169 156.4149
194.392685 83.132 156.4207
195.801334 83.094 156.4442
197.220191 83.056 156.4907
198.649330 83.017 156.5586
200.088825 82.977 156.6401
201.538751 82.938 156.7253
202.999184 82.900 156.8063
204.470200 82.865 156.8859
205.951875 82.833 156.9721
207.444287 82.804 157.0641
208.947514 82.780 157.1492
210.461634 82.757 157.2139
211.986726 82.735 157.2565
213.522869 82.713 157.2840
215.070144 82.690 157.3033
216.628631 82.668 157.3124
218.198411 82.645 157.3066
219.779567 82.619 157.2905
221.372180 82.590 157.2728
222.976334 82.559 157.2565
224.592112 82.526 157.2431
226.219600 82.492 157.2335
227.858880 82.457 157.2290
229.510039 82.422 157.2296
231.173164 82.387 157.2347
232.848340 82.353 157.2458
234.535655 82.319 157.2631
236.235197 82.285 157.2841
237.947054 82.251 157.3070
239.671317 82.215 157.3306
241.408074 82.178 157.3588
243.157416 82.140 157.3952
244.919435 82.102 157.4383
246.694223 82.065 157.4844
248.481871 82.028 157.5305
250.282473 81.991 157.5740
252.096123 81.954 157.6170
253.922915 81.917 157.6655
255.762945 81.882 157.7252
257.616309 81.847 157.7951
259.483103 81.813 157.8696
261.363424 81.779 157.9451
263.257372 81.745 158.0199
265.165043 81.710 158.0934
267.086538 81.674 158.1691
269.021957 81.639 158.2470
270.971401 81.604 158.3257
272.934972 81.569 158.4073
274.912771 81.534 158.4958
276.904902 81.499 158.5919
278.911469 81.464 158.6901
280.932577 81.429 158.7867
282.968330 81.395 158.8843
285.018835 81.361 158.9842
287.084199 81.327 159.0823
289.164530 81.293 159.1787
291.259935 81.259 159.2780
293.370525 81.225 159.3831
295.496408 81.192 159.4939
297.637697 81.159 159.6080
299.794503 81.126 159.7214
301.966937 81.093 159.8348
304.155114 81.059 159.9557
306.359147 81.026 160.0862
308.579152 80.993 160.2199
310.815244 80.959 160.3530
313.067539 80.927 160.4827
315.336156 80.895 160.6063
317.621211 80.863 160.7251
319.922826 80.831 160.8444
322.241118 80.798 160.9716
324.576210 80.766 161.1088
326.928223 80.734 161.2510
329.297280 80.702 161.3942
331.683504 80.670 161.5386
334.087019 80.638 161.6830
336.507952 80.607 161.8273
338.946427 80.576 161.9733
341.402572 80.546 162.1202
343.876516 80.515 162.2687
346.368387 80.485 162.4224
348.878315 80.456 162.5828
351.406431 80.426 162.7460
353.952867 80.396 162.9077
356.517756 80.366 163.0679
359.101230 80.336 163.2270
361.703426 80.306 163.3867
364.324478 80.276 163.5515
366.964523 80.246 163.7248
369.623699 80.216 163.9042
372.302145 80.186 164.0827
375.000000 80.157 164.2573
377.717405 80.128 164.4321
380.454501 80.099 164.6106
383.211431 80.071 164.7939
385.988339 80.043 164.9808
388.785369 80.016 165.1691
391.602668 79.989 165.3568
394.440383 79.962 165.5448
397.298660 79.935 165.7341
400.177650 79.907 165.9254
403.077502 79.880 166.1204
405.998368 79.853 166.3201
408.940400 79.826 166.5217
411.903750 79.800 166.7211
414.888575 79.774 166.9196
417.895028 79.749 167.1223
420.923268 79.723 167.3318
423.973452 79.698 167.5447
427.045738 79.672 167.7578
430.140287 79.647 167.9700
433.257261 79.622 168.1818
436.396822 79.597 168.3961
439.559133 79.573 168.6171
442.744360 79.549 168.8445
445.952668 79.525 169.0726
449.184225 79.501 169.2965
452.439199 79.477 169.5176
455.717760 79.453 169.7426
459.020079 79.430 169.9754
462.346327 79.406 170.2125
465.696680 79.383 170.4506
469.071310 79.361 170.6908
472.470394 79.338 170.9323
475.894109 79.316 171.1724
479.342634 79.293 171.4125
482.816148 79.272 171.6553
486.314833 79.250 171.9025
489.838871 79.229 172.1532
493.388445 79.209 172.4061
496.963741 79.189 172.6607
500.564945 79.168 172.9173
504.192245 79.148 173.1755
507.845830 79.129 173.4348
511.525890 79.110 173.6965
515.232618 79.090 173.9622
518.966206 79.071 174.2321
522.726849 79.052 174.5052
526.514743 79.033 174.7803
530.330086 79.014 175.0578
534.173076 78.996 175.3382
538.043915 78.978 175.6201
541.942803 78.960 175.9014
545.869944 78.943 176.1829
549.825542 78.926 176.4658
553.809805 78.910 176.7508
557.822939 78.894 177.0379
561.865154 78.878 177.3274
565.936660 78.862 177.6205
570.037671 78.847 177.9187
574.168399 78.832 178.2211
578.329060 78.817 178.5263
582.519870 78.802 178.8340
586.741049 78.788 179.1448
590.992817 78.774 179.4580
595.275394 78.760 179.7729
599.589005 78.747 -179.9110
603.933874 78.734 -179.5920
608.310228 78.722 -179.2675
612.718295 78.710 -178.9378
617.158304 78.698 -178.6029
621.630488 78.687 -178.2637
626.135079 78.676 -177.9244
630.672311 78.665 -177.5874
635.242423 78.655 -177.2484
639.845651 78.646 -176.9040
644.482237 78.637 -176.5545
649.152421 78.629 -176.2004
653.856447 78.621 -175.8423
658.594560 78.615 -175.4813
663.367008 78.608 -175.1166
668.174039 78.602 -174.7477
673.015903 78.596 -174.3743
677.892854 78.591 -173.9983
682.805145 78.587 -173.6218
687.753032 78.584 -173.2449
692.736774 78.581 -172.8655
697.756631 78.580 -172.4816
702.812863 78.578 -172.0926
707.905735 78.578 -171.6987
713.035511 78.578 -171.3012
718.202461 78.579 -170.9023
723.406852 78.581 -170.5026
728.648956 78.584 -170.0999
733.929047 78.587 -169.6940
739.247399 78.592 -169.2847
744.604290 78.598 -168.8719
750.000000 78.604 -168.4552
755.434809 78.611 -168.0341
760.909001 78.619 -167.6100
766.422861 78.628 -167.1854
771.976677 78.639 -166.7608
777.570739 78.650 -166.3346
783.205337 78.663 -165.9045
788.880766 78.677 -165.4702
794.597321 78.692 -165.0343
800.355301 78.707 -164.5985
806.155005 78.724 -164.1609
811.996736 78.742 -163.7202
817.880799 78.761 -163.2786
823.807501 78.782 -162.8379
829.777150 78.804 -162.3984
835.790057 78.827 -161.9573
841.846536 78.852 -161.5112
847.946903 78.879 -161.0623
854.091476 78.907 -160.6145
860.280575 78.936 -160.1697
866.514523 78.967 -159.7267
872.793644 78.999 -159.2843
879.118267 79.033 -158.8430
885.488720 79.068 -158.4028
891.905336 79.105 -157.9640
898.368450 79.144 -157.5274
904.878398 79.184 -157.0933
911.435520 79.225 -156.6632
918.040157 79.268 -156.2390
924.692655 79.313 -155.8209
931.393359 79.359 -155.4084
938.142619 79.407 -155.0010
944.940787 79.456 -154.5985
951.788218 79.507 -154.2012
958.685268 79.560 -153.8096
965.632296 79.613 -153.4245
972.629666 79.668 -153.0470
979.677741 79.725 -152.6784
986.776890 79.783 -152.3197
993.927482 79.843 -151.9716
1001.129891 79.904 -151.6342
1008.384491 79.965 -151.3064
1015.691660 80.028 -150.9876
1023.051781 80.091 -150.6787
1030.465236 80.155 -150.3810
1037.932411 80.219 -150.0952
1045.453698 80.285 -149.8208
1053.029486 80.351 -149.5570
1060.660172 80.418 -149.3029
1068.346153 80.485 -149.0583
1076.087829 80.552 -148.8256
1083.885605 80.620 -148.6076
1091.739887 80.688 -148.4036
1099.651084 80.756 -148.2106
1107.619609 80.824 -148.0273
1115.645878 80.892 -147.8539
1123.730308 80.960 -147.6902
1131.873321 81.028 -147.5375
1140.075341 81.095 -147.3963
1148.336797 81.161 -147.2647
1156.658119 81.228 -147.1409
1165.039741 81.294 -147.0253
1173.482099 81.359 -146.9186
1181.985634 81.423 -146.8206
1190.550789 81.487 -146.7305
1199.178011 81.550 -146.6476
1207.867749 81.612 -146.5709
1216.620457 81.674 -146.4998
1225.436590 81.735 -146.4341
1234.316609 81.795 -146.3739
1243.260976 81.854 -146.3198
1252.270157 81.912 -146.2708
1261.344623 81.970 -146.2258
1270.484846 82.027 -146.1844
1279.691303 82.083 -146.1453
1288.964474 82.139 -146.1075
1298.304842 82.194 -146.0706
1307.712894 82.248 -146.0350
1317.189120 82.302 -146.0016
1326.734016 82.355 -145.9699
1336.348077 82.408 -145.9394
1346.031806 82.460 -145.9103
1355.785708 82.511 -145.8822
1365.610290 82.562 -145.8546
1375.506065 82.612 -145.8266
1385.473549 82.662 -145.7975
1395.513261 82.711 -145.7677
1405.625726 82.761 -145.7385
1415.811469 82.810 -145.7095
1426.071023 82.858 -145.6794
1436.404921 82.907 -145.6483
1446.813703 82.955 -145.6167
1457.297912 83.003 -145.5836
1467.858093 83.051 -145.5491
1478.494798 83.099 -145.5139
1489.208581 83.146 -145.4781
1500.000000 83.194 -145.4414
1510.869618 83.242 -145.4041
1521.818002 83.289 -145.3664
1532.845723 83.337 -145.3276
1543.953355 83.385 -145.2874
1555.141477 83.434 -145.2461
1566.410674 83.482 -145.2034
1577.761531 83.531 -145.1593
1589.194642 83.580 -145.1142
1600.710601 83.630 -145.0679
1612.310010 83.680 -145.0205
1623.993473 83.730 -144.9724
1635.761599 83.781 -144.9247
1647.615002 83.833 -144.8779
1659.554299 83.885 -144.8329
1671.580114 83.938 -144.7920
1683.693072 83.992 -144.7533
1695.893807 84.046 -144.7124
1708.182952 84.101 -144.6705
1720.561150 84.159 -144.6351
1733.029045 84.217 -144.6112
1745.587288 84.277 -144.5965
1758.236533 84.336 -144.5852
1770.977440 84.396 -144.5715
1783.810673 84.456 -144.5512
1796.736900 84.515 -144.5241
1809.756796 84.573 -144.4956
1822.871040 84.630 -144.4730
1836.080315 84.688 -144.4573
1849.385310 84.746 -144.4444
1862.786718 84.805 -144.4334
1876.285239 84.865 -144.4254
1889.881575 84.926 -144.4203
1903.576436 84.987 -144.4181
1917.370535 85.048 -144.4192
1931.264593 85.111 -144.4241
1945.259332 85.174 -144.4327
1959.355483 85.238 -144.4456
1973.553781 85.302 -144.4633
1987.854965 85.368 -144.4863
2002.259781 85.434 -144.5147
2016.768981 85.500 -144.5490
2031.383320 85.568 -144.5900
2046.103561 85.636 -144.6381
2060.930471 85.704 -144.6930
2075.864823 85.773 -144.7545
2090.907395 85.843 -144.8224
2106.058972 85.912 -144.8972
2121.320344 85.983 -144.9790
2136.692305 86.053 -145.0681
2152.175658 86.124 -145.1649
2167.771210 86.195 -145.2694
2183.479774 86.267 -145.3819
2199.302169 86.339 -145.5023
2215.239219 86.412 -145.6312
2231.291755 86.485 -145.7689
2247.460615 86.558 -145.9160
2263.746641 86.631 -146.0726
2280.150683 86.705 -146.2385
2296.673595 86.779 -146.4139
2313.316238 86.852 -146.5994
2330.079481 86.926 -146.7952
2346.964198 86.999 -147.0013
2363.971268 87.072 -147.2175
2381.101578 87.145 -147.4444
2398.356022 87.217 -147.6820
2415.735498 87.288 -147.9299
2433.240913 87.359 -148.1873
2450.873180 87.429 -148.4539
2468.633217 87.498 -148.7284
2486.521951 87.565 -149.0083
2504.540314 87.631 -149.2907
2522.689246 87.696 -149.5730
2540.969692 87.759 -149.8525
2559.382606 87.821 -150.1251
2577.928947 87.883 -150.3857
2596.609683 87.945 -150.6283
2615.425787 88.009 -150.8483
2634.378241 88.076 -151.0429
2653.468031 88.150 -151.2147
2672.696154 88.232 -151.3728
2692.063613 88.325 -151.5355
2711.571415 88.430 -151.7307
2731.220579 88.547 -151.9917
2751.012130 88.673 -152.3496
2770.947098 88.803 -152.8247
2791.026522 88.933 -153.4231
2811.251451 89.056 -154.1359
2831.622938 89.169 -154.9439
2852.142045 89.270 -155.8236
2872.809842 89.358 -156.7521
2893.627406 89.434 -157.7099
2914.595823 89.499 -158.6824
2935.716186 89.553 -159.6603
2956.989596 89.599 -160.6381
2978.417161 89.636 -161.6126
3000.000000 89.667 -162.5823
3021.739237 89.691 -163.5466
3043.636005 89.709 -164.5050
3065.691446 89.721 -165.4572
3087.906710 89.728 -166.4033
3110.282955 89.730 -167.3431
3132.821347 89.727 -168.2766
3155.523062 89.719 -169.2043
3178.389283 89.706 -170.1266
3201.421202 89.689 -171.0440
3224.620020 89.667 -171.9568
3247.986946 89.641 -172.8648
3271.523198 89.610 -173.7677
3295.230004 89.574 -174.6649
3319.108599 89.534 -175.5564
3343.160228 89.488 -176.4417
3367.386145 89.437 -177.3184
3391.787613 89.381 -178.1840
3416.365904 89.320 -179.0359
3441.122300 89.253 -179.8723
3466.058091 89.181 179.3083
3491.174576 89.104 178.5075
3516.473066 89.023 177.7267
3541.954880 88.938 176.9673
3567.621345 88.849 176.2297
3593.473800 88.756 175.5135
3619.513592 88.659 174.8177
3645.742080 88.559 174.1411
3672.160630 88.455 173.4821
3698.770620 88.348 172.8398
3725.573436 88.237 172.2128
3752.570477 88.121 171.6008
3779.763150 87.999 171.0055
3807.152872 87.872 170.4307
3834.741071 87.737 169.8829
3862.529185 87.594 169.3727
3890.518664 87.445 168.9133
3918.710966 87.288 168.5180
3947.107561 87.127 168.1989
3975.709929 86.964 167.9637
4004.519563 86.801 167.8122
4033.537962 86.641 167.7371
4062.766641 86.486 167.7263
4092.207123 86.337 167.7661
4121.860942 86.194 167.8428
4151.729646 86.057 167.9437
4181.814790 85.925 168.0594
4212.117944 85.797 168.1837
4242.640687 85.673 168.3129
4273.384610 85.550 168.4462
4304.351317 85.429 168.5849
4335.542421 85.308 168.7307
4366.959549 85.187 168.8849
4398.604338 85.065 169.0494
4430.478438 84.942 169.2276
4462.583511 84.818 169.4245
4494.921231 84.692 169.6472
4527.493283 84.565 169.9034
4560.301365 84.436 170.1995
4593.347189 84.308 170.5394
4626.632476 84.181 170.9247
4660.158962 84.055 171.3585
4693.928395 83.933 171.8389
4727.942535 83.816 172.3535
4762.203156 83.705 172.8881
4796.712043 83.602 173.4360
4831.470996 83.505 173.9967
4866.481826 83.414 174.5663
4901.746360 83.328 175.1418
4937.266434 83.246 175.7222
4973.043902 83.167 176.3068
5009.080628 83.092 176.8947
5045.378492 83.021 177.4860
5081.939384 82.952 178.0811
5118.765212 82.886 178.6796
5155.857894 82.823 179.2817
5193.219366 82.763 179.8878
5230.851574 82.704 -179.5002
5268.756481 82.647 -178.8793
5306.936062 82.592 -178.2458
5345.392309 82.538 -177.5955
5384.127225 82.487 -176.9237
5423.142830 82.438 -176.2253
5462.441159 82.394 -175.4973
5502.024259 82.354 -174.7396
5541.894195 82.321 -173.9544
5582.053045 82.296 -173.1466
5622.502902 82.278 -172.3237
5663.245876 82.269 -171.4939
5704.284090 82.268 -170.6632
5745.619684 82.275 -169.8369
5787.254813 82.289 -169.0185
5829.191647 82.311 -168.2099
5871.432373 82.340 -167.4130
5913.979192 82.377 -166.6296
5956.834323 82.422 -165.8618
6000.000000 82.473 -165.1118
6043.478473 82.532 -164.3826
6087.272010 82.597 -163.6767
6131.382892 82.669 -162.9952
6175.813420 82.749 -162.3388
6220.565910 82.836 -161.7091
6265.642695 82.930 -161.1093
6311.046124 83.033 -160.5437
6356.778566 83.144 -160.0175
6402.842404 83.263 -159.5368
6449.240040 83.390 -159.1065
6495.973891 83.524 -158.7298
6543.046396 83.667 -158.4112
6590.460007 83.819 -158.1582
6638.217197 83.981 -157.9836
6686.320456 84.152 -157.8993
6734.772290 84.327 -157.9077
6783.575226 84.507 -158.0094
6832.731809 84.687 -158.2131
6882.244600 84.869 -158.5298
6932.116181 85.050 -158.9652
6982.349153 85.231 -159.5223
7032.946133 85.408 -160.2026
7083.909760 85.579 -161.0066
7135.242690 85.744 -161.9337
7186.947600 85.898 -162.9818
7239.027185 86.039 -164.1441
7291.484160 86.165 -165.4093
7344.321260 86.273 -166.7619
7397.541239 86.362 -168.1802
7451.146872 86.431 -169.6410
7505.140954 86.481 -171.1209
7559.526299 86.512 -172.5971
7614.305743 86.529 -174.0513
7669.482141 86.533 -175.4707
7725.058371 86.530 -176.8509
7781.037328 86.525 -178.1998
7837.421932 86.523 -179.5391
7894.215122 86.528 179.0903
7951.419859 86.543 177.6275
8009.039125 86.566 175.9983
8067.075924 86.590 174.1266
8125.533282 86.603 171.9476
8184.414245 86.585 169.4256
8243.721885 86.517 166.5712
8303.459292 86.376 163.4542
8363.629581 86.144 160.2056
8424.235888 85.808 157.0031
8485.281374 85.370 154.0456
8546.769221 84.837 151.5208
8608.702634 84.231 149.5751
8671.084842 83.575 148.2936
8733.919097 82.895 147.6992
8797.208675 82.214 147.7644
8860.956876 81.552 148.4246
8925.167022 80.924 149.5891
8989.842461 80.340 151.1618
9054.986566 79.805 153.0593
9120.602731 79.319 155.2108
9186.694378 78.880 157.5590
9253.264952 78.485 160.0590
9320.317925 78.133 162.6743
9387.856790 77.819 165.3750
9455.885071 77.544 168.1383
9524.406312 77.303 170.9474
9593.424086 77.096 173.7892
9662.941992 76.922 176.6491
9732.963653 76.780 179.5099
9803.492719 76.668 -177.6438
9874.532869 76.585 -174.8240
9946.087805 76.531 -172.0431
10018.161257 76.502 -169.3157
10090.756983 76.499 -166.6578
10163.878768 76.520 -164.0815
10237.530423 76.562 -161.5930
10311.715789 76.624 -159.1949
10386.438732 76.703 -156.8907
10461.703149 76.797 -154.6820
10537.512962 76.907 -152.5662
10613.872125 77.030 -150.5378
10690.784618 77.168 -148.5913
10768.254450 77.319 -146.7228
10846.285661 77.486 -144.9318
10924.882318 77.670 -143.2217
11004.048518 77.872 -141.5993
11083.788390 78.096 -140.0775
11164.106090 78.343 -138.6769
11245.005805 78.617 -137.4280
11326.491752 78.919 -136.3746
11408.568180 79.252 -135.5776
11491.239368 79.614 -135.1210
11574.509626 80.000 -135.1176
11658.383294 80.395 -135.7066
11742.864745 80.772 -137.0320
11827.958384 81.084 -139.1931
11913.668646 81.260 -142.1519
12000.000000 81.218 -145.5735
12086.956947 80.884 -148.6022
12174.544019 80.262 -149.6311
12262.765784 79.562 -146.3744
12351.626840 79.305 -137.4647
12441.131819 80.003 -126.0867
12531.285389 81.521 -118.2398
12622.092249 83.352 -116.0127
12713.557132 85.148 -118.4287
12805.684808 86.745 -124.3245
12898.480079 88.041 -132.9013
12991.947783 88.950 -143.4590
13086.092792 89.410 -155.1552
13180.920015 89.405 -166.9908
13276.434395 88.979 -178.0017
13372.640911 88.226 172.5128
13469.544580 87.265 164.8839
13567.150452 86.211 159.1084
13665.463617 85.154 154.9593
13764.489200 84.152 152.1108
13864.232362 83.233 150.2358
13964.698305 82.403 149.0592
14065.892266 81.657 148.3727
14167.819519 80.985 148.0242
14270.485380 80.378 147.9009
14373.895200 79.826 147.9244
14478.054370 79.320 148.0432
14582.968320 78.848 148.2221
14688.642520 78.403 148.4391
14795.082478 77.976 148.6825
14902.293745 77.561 148.9497
15010.281908 77.151 149.2463
15119.052599 76.744 149.5853
15228.611486 76.333 149.9866
15338.964283 75.919 150.4747
15450.116741 75.501 151.0741
15562.074656 75.080 151.8057
15674.843864 74.660 152.6828
15788.430244 74.245 153.7106
15902.839718 73.839 154.8841
16018.078250 73.445 156.1891
16134.151848 73.068 157.6042
16251.066563 72.711 159.1008
16368.828491 72.377 160.6443
16487.443769 72.070 162.1975
16606.918584 71.795 163.7180
16727.259161 71.556 165.1548
16848.471777 71.360 166.4462
16970.562748 71.216 167.5157
17093.538442 71.132 168.2654
17217.405268 71.116 168.5684
17342.169684 71.179 168.2570
17467.838194 71.326 167.1140
17594.417350 71.552 164.8745
17721.913751 71.839 161.2514
17850.334044 72.143 155.9864
17979.684923 72.395 148.9301
18109.973131 72.507 140.1400
18241.205462 72.388 129.9512
18373.388756 71.970 118.9716
18506.529905 71.227 107.9738
18640.635849 70.182 97.7173
18775.713581 68.901 88.7934
18911.770141 67.467 81.5549
19048.812624 65.966 76.1296
19186.848172 64.467 72.4861
19325.883983 63.018 70.5102
19465.927305 61.643 70.0536
19606.985439 60.362 70.9414
19749.065738 59.218 72.9170
19892.175609 58.315 75.4626
20036.322514 57.820 77.4845
