* Measurement data measured by REW V5.31.3
* Source: AUDIO [plughw:1,0], Headset (Headset), 0, volume: 0.797
* Format: 256k Log Swept Sine, 1 sweep at -12.0 dBFS with no timing reference
* Dated: 08 31, 26 11:11:49 AM
* REW Settings:
*  C-weighting compensation: Off
*  Target level: 75.0 dB
* Note: ; 
* Measurement: Moondrop Chu 3 R
* Smoothing: 1/24 octave
* Frequency Step: 96 ppo
* Start Frequency: 0.36621094 Hz
*
* Freq(Hz) SPL(dB) Phase(degrees)
0.366211 26.471 83.3074
0.368865 26.542 82.8541
0.371538 26.644 82.2108
0.374230 26.760 81.4987
0.376942 26.880 80.7711
0.379673 27.002 80.0474
0.382424 27.125 79.3334
0.385196 27.250 78.6311
0.387987 27.375 77.9409
0.390798 27.501 77.2630
0.393630 27.629 76.5974
0.396483 27.757 75.9439
0.399356 27.886 75.3026
0.402250 28.016 74.6733
0.405165 28.147 74.0560
0.408101 28.278 73.4504
0.411058 28.411 72.8564
0.414037 28.545 72.2737
0.417037 28.680 71.7023
0.420059 28.815 71.1419
0.423103 28.952 70.5921
0.426169 29.090 70.0529
0.429257 29.229 69.5240
0.432368 29.368 69.0050
0.435501 29.509 68.4958
0.438656 29.651 67.9960
0.441835 29.793 67.5053
0.445037 29.937 67.0236
0.448262 30.082 66.5504
0.451510 30.228 66.0855
0.454782 30.375 65.6286
0.458077 30.523 65.1795
0.461397 30.672 64.7378
0.464740 30.822 64.3032
0.468108 30.973 63.8755
0.471500 31.126 63.4543
0.474917 31.279 63.0393
0.478358 31.434 62.6304
0.481825 31.589 62.2272
0.485316 31.746 61.8294
0.488833 31.904 61.4368
0.492375 32.063 61.0491
0.495943 32.224 60.6660
0.499537 32.385 60.2873
0.503157 32.548 59.9127
0.506803 32.711 59.5420
0.510475 32.876 59.1749
0.514175 33.042 58.8112
0.517900 33.210 58.4507
0.521653 33.378 58.0931
0.525434 33.548 57.7382
0.529241 33.719 57.3859
0.533076 33.891 57.0358
0.536939 34.065 56.6879
0.540830 34.240 56.3418
0.544749 34.416 55.9975
0.548696 34.593 55.6547
0.552673 34.772 55.3132
0.556677 34.951 54.9729
0.560711 35.133 54.6337
0.564774 35.315 54.2953
0.568867 35.499 53.9576
0.572989 35.684 53.6204
0.577141 35.871 53.2837
0.581324 36.058 52.9472
0.585536 36.248 52.6109
0.589779 36.438 52.2746
0.594053 36.630 51.9382
0.598358 36.824 51.6015
0.602694 37.018 51.2646
0.607061 37.215 50.9273
0.611460 37.412 50.5894
0.615891 37.611 50.2509
0.620354 37.812 49.9117
0.624849 38.014 49.5718
0.629377 38.217 49.2310
0.633938 38.422 48.8893
0.638532 38.628 48.5466
0.643159 38.836 48.2029
0.647819 39.046 47.8581
0.652514 39.256 47.5121
0.657242 39.469 47.1649
0.662005 39.683 46.8165
0.666802 39.898 46.4669
0.671634 40.115 46.1159
0.676501 40.334 45.7637
0.681403 40.554 45.4101
0.686341 40.776 45.0551
0.691314 40.999 44.6988
0.696324 41.224 44.3411
0.701370 41.451 43.9820
0.706452 41.679 43.6215
0.711571 41.909 43.2597
0.716728 42.140 42.8967
0.721921 42.371 42.5328
0.727153 42.598 42.1691
0.732422 42.817 41.8077
0.737729 43.020 41.4525
0.743075 43.215 41.1074
0.748460 43.405 40.7738
0.753883 43.593 40.4519
0.759346 43.780 40.1414
0.764849 43.966 39.8416
0.770391 44.152 39.5518
0.775974 44.337 39.2715
0.781597 44.521 38.9999
0.787261 44.704 38.7363
0.792966 44.887 38.4803
0.798712 45.069 38.2311
0.804500 45.251 37.9883
0.810329 45.431 37.7511
0.816201 45.611 37.5191
0.822116 45.791 37.2918
0.828073 45.969 37.0687
0.834074 46.148 36.8491
0.840118 46.325 36.6328
0.846206 46.502 36.4191
0.852338 46.678 36.2077
0.858514 46.854 35.9982
0.864735 47.029 35.7900
0.871001 47.203 35.5829
0.877313 47.377 35.3764
0.883670 47.551 35.1701
0.890074 47.724 34.9637
0.896524 47.896 34.7569
0.903020 48.068 34.5492
0.909564 48.240 34.3404
0.916155 48.411 34.1302
0.922794 48.582 33.9182
0.929481 48.753 33.7042
0.936216 48.923 33.4878
0.943000 49.093 33.2688
0.949834 49.263 33.0470
0.956717 49.433 32.8221
0.963649 49.603 32.5938
0.970632 49.772 32.3618
0.977666 49.942 32.1261
0.984750 50.112 31.8863
0.991886 50.281 31.6422
0.999074 50.451 31.3936
1.006314 50.621 31.1403
1.013606 50.792 30.8822
1.020951 50.962 30.6190
1.028349 51.134 30.3505
1.035801 51.305 30.0766
1.043307 51.478 29.7972
1.050867 51.650 29.5120
1.058482 51.824 29.2209
1.066152 51.999 28.9238
1.073878 52.174 28.6206
1.081660 52.350 28.3115
1.089498 52.527 27.9968
1.097393 52.705 27.6782
1.105345 52.884 27.3585
1.113355 53.061 27.0409
1.121423 53.239 26.7272
1.129549 53.415 26.4177
1.137734 53.590 26.1124
1.145979 53.765 25.8111
1.154283 53.939 25.5134
1.162647 54.112 25.2189
1.171072 54.284 24.9274
1.179558 54.456 24.6383
1.188106 54.626 24.3514
1.196715 54.796 24.0664
1.205387 54.965 23.7829
1.214122 55.134 23.5005
1.222920 55.302 23.2189
1.231782 55.469 22.9377
1.240708 55.635 22.6568
1.249699 55.801 22.3756
1.258754 55.967 22.0940
1.267876 56.132 21.8115
1.277063 56.296 21.5280
1.286318 56.460 21.2430
1.295639 56.624 20.9563
1.305027 56.787 20.6676
1.314484 56.950 20.3766
1.324009 57.113 20.0830
1.333604 57.275 19.7865
1.343268 57.437 19.4868
1.353002 57.600 19.1837
1.362806 57.762 18.8769
1.372681 57.924 18.5661
1.382628 58.087 18.2510
1.392647 58.249 17.9313
1.402739 58.412 17.6069
1.412904 58.575 17.2774
1.423142 58.739 16.9425
1.433455 58.903 16.6022
1.443843 59.068 16.2563
1.454305 59.233 15.9052
1.464844 59.398 15.5501
1.475459 59.564 15.1934
1.486150 59.729 14.8374
1.496920 59.893 14.4832
1.507767 60.057 14.1309
1.518693 60.220 13.7805
1.529698 60.382 13.4317
1.540783 60.543 13.0840
1.551948 60.704 12.7372
1.563194 60.864 12.3908
1.574521 61.024 12.0445
1.585931 61.182 11.6979
1.597423 61.340 11.3506
1.608999 61.498 11.0024
1.620658 61.655 10.6528
1.632402 61.811 10.3014
1.644232 61.967 9.9479
1.656146 62.122 9.5919
1.668147 62.277 9.2332
1.680235 62.432 8.8712
1.692411 62.586 8.5056
1.704675 62.740 8.1362
1.717028 62.894 7.7624
1.729470 63.048 7.3841
1.742003 63.201 7.0007
1.754626 63.354 6.6120
1.767341 63.507 6.2176
1.780147 63.661 5.8171
1.793047 63.814 5.4103
1.806040 63.967 4.9969
1.819128 64.121 4.5769
1.832310 64.274 4.1510
1.845587 64.427 3.7204
1.858961 64.579 3.2866
1.872432 64.731 2.8505
1.886001 64.882 2.4123
1.899667 65.032 1.9725
1.913433 65.181 1.5311
1.927299 65.330 1.0882
1.941265 65.477 0.6439
1.955332 65.624 0.1982
1.969501 65.770 -0.2489
1.983773 65.916 -0.6974
1.998148 66.061 -1.1473
2.012627 66.205 -1.5987
2.027212 66.349 -2.0517
2.041902 66.492 -2.5064
2.056698 66.635 -2.9629
2.071602 66.777 -3.4213
2.086614 66.919 -3.8818
2.101734 67.061 -4.3446
2.116964 67.202 -4.8099
2.132304 67.343 -5.2779
2.147756 67.483 -5.7488
2.163320 67.624 -6.2230
2.178996 67.764 -6.7007
2.194786 67.904 -7.1821
2.210690 68.044 -7.6674
2.226710 68.182 -8.1565
2.242845 68.320 -8.6492
2.259098 68.457 -9.1450
2.275468 68.594 -9.6436
2.291957 68.729 -10.1447
2.308566 68.863 -10.6479
2.325295 68.997 -11.1530
2.342145 69.129 -11.6597
2.359117 69.261 -12.1677
2.376212 69.392 -12.6769
2.393431 69.523 -13.1871
2.410775 69.653 -13.6982
2.428244 69.782 -14.2101
2.445840 69.910 -14.7226
2.463564 70.039 -15.2357
2.481416 70.166 -15.7494
2.499397 70.293 -16.2637
2.517509 70.420 -16.7787
2.535752 70.547 -17.2946
2.554127 70.673 -17.8119
2.572635 70.798 -18.3313
2.591277 70.923 -18.8539
2.610055 71.047 -19.3803
2.628968 71.170 -19.9101
2.648019 71.291 -20.4432
2.667208 71.412 -20.9789
2.686535 71.532 -21.5168
2.706003 71.651 -22.0563
2.725612 71.769 -22.5970
2.745363 71.886 -23.1386
2.765257 72.003 -23.6804
2.785295 72.119 -24.2222
2.805478 72.234 -24.7636
2.825808 72.348 -25.3043
2.846285 72.462 -25.8439
2.866910 72.576 -26.3822
2.887685 72.689 -26.9192
2.908611 72.801 -27.4548
2.929688 72.914 -27.9900
2.950917 73.025 -28.5260
2.972301 73.135 -29.0643
2.993839 73.245 -29.6053
3.015534 73.353 -30.1488
3.037386 73.461 -30.6942
3.059396 73.567 -31.2411
3.081565 73.673 -31.7889
3.103896 73.777 -32.3369
3.126388 73.881 -32.8848
3.149043 73.984 -33.4319
3.171862 74.087 -33.9777
3.194847 74.189 -34.5216
3.217998 74.291 -35.0633
3.241317 74.392 -35.6024
3.264805 74.492 -36.1386
3.288463 74.593 -36.6723
3.312293 74.692 -37.2045
3.336295 74.791 -37.7369
3.360471 74.889 -38.2701
3.384822 74.986 -38.8042
3.409350 75.082 -39.3390
3.434056 75.178 -39.8740
3.458940 75.272 -40.4088
3.484005 75.366 -40.9430
3.509252 75.459 -41.4759
3.534681 75.552 -42.0073
3.560295 75.644 -42.5365
3.586094 75.736 -43.0633
3.612081 75.828 -43.5871
3.638255 75.919 -44.1078
3.664620 76.010 -44.6259
3.691175 76.100 -45.1422
3.717923 76.190 -45.6577
3.744864 76.279 -46.1727
3.772001 76.368 -46.6873
3.799335 76.456 -47.2013
3.826866 76.543 -47.7146
3.854597 76.629 -48.2268
3.882529 76.716 -48.7377
3.910664 76.802 -49.2471
3.939002 76.887 -49.7547
3.967546 76.973 -50.2602
3.996296 77.058 -50.7635
4.025255 77.143 -51.2647
4.054423 77.228 -51.7642
4.083804 77.312 -52.2624
4.113396 77.396 -52.7596
4.143204 77.480 -53.2561
4.173227 77.563 -53.7518
4.203468 77.646 -54.2468
4.233928 77.729 -54.7412
4.264609 77.811 -55.2348
4.295512 77.893 -55.7277
4.326639 77.975 -56.2200
4.357992 78.056 -56.7115
4.389572 78.138 -57.2025
4.421380 78.219 -57.6930
4.453419 78.301 -58.1833
4.485691 78.382 -58.6735
4.518196 78.462 -59.1636
4.550936 78.542 -59.6537
4.583914 78.622 -60.1440
4.617131 78.702 -60.6345
4.650589 78.782 -61.1252
4.684289 78.861 -61.6163
4.718233 78.940 -62.1079
4.752424 79.019 -62.6001
4.786862 79.098 -63.0933
4.821549 79.176 -63.5874
4.856488 79.254 -64.0827
4.891680 79.332 -64.5791
4.927127 79.409 -65.0765
4.962831 79.486 -65.5747
4.998794 79.563 -66.0737
5.035017 79.639 -66.5734
5.071503 79.715 -67.0739
5.108253 79.790 -67.5752
5.145270 79.865 -68.0778
5.182555 79.940 -68.5821
5.220110 80.014 -69.0883
5.257937 80.088 -69.5963
5.296038 80.161 -70.1056
5.334415 80.233 -70.6159
5.373071 80.305 -71.1268
5.412006 80.377 -71.6379
5.451224 80.448 -72.1491
5.490725 80.518 -72.6605
5.530514 80.588 -73.1728
5.570590 80.657 -73.6866
5.610957 80.726 -74.2019
5.651616 80.794 -74.7183
5.692570 80.861 -75.2352
5.733821 80.928 -75.7520
5.775370 80.994 -76.2681
5.817221 81.059 -76.7831
5.859375 81.124 -77.2971
5.901834 81.188 -77.8107
5.944602 81.251 -78.3246
5.987679 81.314 -78.8388
6.031068 81.376 -79.3529
6.074771 81.438 -79.8663
6.118792 81.498 -80.3785
6.163131 81.559 -80.8889
6.207792 81.618 -81.3971
6.252776 81.678 -81.9035
6.298086 81.736 -82.4086
6.343725 81.794 -82.9128
6.389694 81.851 -83.4160
6.435996 81.908 -83.9178
6.482634 81.965 -84.4178
6.529610 82.021 -84.9157
6.576926 82.076 -85.4113
6.624585 82.131 -85.9047
6.672590 82.186 -86.3963
6.720942 82.240 -86.8862
6.769645 82.294 -87.3746
6.818700 82.348 -87.8614
6.868111 82.401 -88.3464
6.917881 82.454 -88.8297
6.968010 82.506 -89.3111
7.018504 82.559 -89.7910
7.069362 82.611 -90.2693
7.120590 82.663 -90.7463
7.172189 82.714 -91.2220
7.224161 82.765 -91.6966
7.276511 82.816 -92.1700
7.329239 82.867 -92.6425
7.382350 82.918 -93.1140
7.435845 82.968 -93.5847
7.489729 83.018 -94.0547
7.544002 83.068 -94.5239
7.598669 83.117 -94.9924
7.653732 83.166 -95.4602
7.709194 83.215 -95.9275
7.765058 83.264 -96.3944
7.821327 83.312 -96.8610
7.878004 83.360 -97.3271
7.935091 83.407 -97.7926
7.992592 83.455 -98.2574
8.050510 83.501 -98.7214
8.108847 83.548 -99.1847
8.167607 83.594 -99.6476
8.226793 83.640 -100.1100
8.286408 83.685 -100.5715
8.346454 83.730 -101.0318
8.406936 83.774 -101.4909
8.467856 83.818 -101.9486
8.529218 83.862 -102.4053
8.591024 83.905 -102.8609
8.653278 83.947 -103.3151
8.715983 83.990 -103.7678
8.779143 84.032 -104.2186
8.842760 84.074 -104.6676
8.906839 84.115 -105.1150
8.971381 84.156 -105.5607
9.036392 84.196 -106.0048
9.101873 84.237 -106.4471
9.167829 84.277 -106.8874
9.234263 84.317 -107.3260
9.301178 84.356 -107.7627
9.368578 84.395 -108.1979
9.436467 84.434 -108.6315
9.504847 84.473 -109.0635
9.573723 84.512 -109.4941
9.643099 84.550 -109.9232
9.712976 84.588 -110.3510
9.783361 84.626 -110.7776
9.854255 84.664 -111.2030
9.925663 84.701 -111.6275
9.997588 84.739 -112.0509
10.070035 84.776 -112.4735
10.143007 84.812 -112.8951
10.216507 84.849 -113.3158
10.290540 84.885 -113.7357
10.365109 84.921 -114.1548
10.440219 84.956 -114.5731
10.515873 84.991 -114.9904
10.592076 85.026 -115.4067
10.668830 85.061 -115.8220
10.746141 85.095 -116.2362
10.824012 85.129 -116.6493
10.902447 85.162 -117.0611
10.981451 85.195 -117.4714
11.061027 85.228 -117.8803
11.141180 85.260 -118.2876
11.221913 85.292 -118.6934
11.303232 85.323 -119.0975
11.385140 85.355 -119.4998
11.467641 85.386 -119.9004
11.550741 85.416 -120.2992
11.634442 85.447 -120.6964
11.718750 85.477 -121.0918
11.803669 85.507 -121.4856
11.889203 85.536 -121.8778
11.975357 85.566 -122.2686
12.062136 85.595 -122.6581
12.149543 85.624 -123.0463
12.237583 85.653 -123.4334
12.326262 85.681 -123.8195
12.415583 85.710 -124.2048
12.505552 85.738 -124.5894
12.596172 85.766 -124.9734
12.687449 85.794 -125.3567
12.779387 85.821 -125.7395
12.871992 85.848 -126.1218
12.965268 85.875 -126.5036
13.059220 85.901 -126.8849
13.153852 85.927 -127.2656
13.249170 85.953 -127.6455
13.345179 85.978 -128.0248
13.441884 86.003 -128.4032
13.539289 86.027 -128.7804
13.637401 86.051 -129.1565
13.736223 86.075 -129.5314
13.835761 86.098 -129.9048
13.936021 86.121 -130.2766
14.037007 86.144 -130.6467
14.138725 86.166 -131.0151
14.241180 86.188 -131.3817
14.344377 86.210 -131.7464
14.448323 86.231 -132.1094
14.553021 86.253 -132.4705
14.658478 86.274 -132.8300
14.764700 86.295 -133.1879
14.871691 86.315 -133.5444
14.979457 86.336 -133.8995
15.088005 86.357 -134.2535
15.197339 86.377 -134.6066
15.307465 86.397 -134.9588
15.418389 86.418 -135.3105
15.530117 86.438 -135.6617
15.642655 86.458 -136.0126
15.756008 86.477 -136.3633
15.870182 86.497 -136.7139
15.985184 86.516 -137.0643
16.101019 86.536 -137.4147
16.217694 86.554 -137.7648
16.335214 86.573 -138.1147
16.453586 86.591 -138.4640
16.572815 86.609 -138.8126
16.692909 86.626 -139.1604
16.813872 86.643 -139.5068
16.935713 86.660 -139.8518
17.058436 86.676 -140.1950
17.182048 86.692 -140.5361
17.306556 86.708 -140.8751
17.431967 86.723 -141.2116
17.558286 86.738 -141.5459
17.685521 86.754 -141.8777
17.813677 86.769 -142.2074
17.942762 86.784 -142.5353
18.072783 86.799 -142.8616
18.203746 86.814 -143.1868
18.335658 86.829 -143.5113
18.468526 86.844 -143.8354
18.602356 86.858 -144.1593
18.737156 86.873 -144.4834
18.872934 86.887 -144.8075
19.009695 86.901 -145.1313
19.147447 86.915 -145.4545
19.286197 86.927 -145.7763
19.425953 86.940 -146.0959
19.566721 86.952 -146.4125
19.708510 86.963 -146.7255
19.851326 86.974 -147.0340
19.995177 86.986 -147.3378
20.140070 86.997 -147.6372
20.286013 87.008 -147.9325
20.433014 87.020 -148.2250
20.581080 87.033 -148.5163
20.730219 87.047 -148.8080
20.880439 87.061 -149.1024
21.031747 87.076 -149.4015
21.184152 87.090 -149.7067
21.337661 87.105 -150.0193
21.492282 87.119 -150.3395
21.648024 87.133 -150.6665
21.804895 87.144 -150.9987
21.962902 87.154 -151.3336
22.122054 87.163 -151.6680
22.282360 87.169 -151.9986
22.443827 87.174 -152.3221
22.606464 87.178 -152.6361
22.770280 87.181 -152.9390
22.935283 87.184 -153.2306
23.101481 87.188 -153.5123
23.268884 87.193 -153.7866
23.437500 87.199 -154.0573
23.607338 87.207 -154.3285
23.778406 87.216 -154.6042
23.950714 87.226 -154.8879
24.124271 87.236 -155.1809
24.299086 87.246 -155.4833
24.475167 87.254 -155.7933
24.652524 87.260 -156.1072
24.831166 87.265 -156.4206
25.011103 87.268 -156.7284
25.192344 87.269 -157.0267
25.374898 87.269 -157.3123
25.558775 87.270 -157.5845
25.743984 87.272 -157.8447
25.930536 87.275 -158.0960
26.118439 87.280 -158.3437
26.307704 87.287 -158.5927
26.498341 87.296 -158.8482
26.690359 87.306 -159.1134
26.883768 87.316 -159.3897
27.078579 87.325 -159.6762
27.274801 87.333 -159.9698
27.472446 87.339 -160.2665
27.671522 87.343 -160.5618
27.872042 87.346 -160.8517
28.074014 87.348 -161.1341
28.277450 87.350 -161.4084
28.482360 87.353 -161.6761
28.688755 87.356 -161.9397
28.896645 87.359 -162.2023
29.106042 87.363 -162.4665
29.316957 87.367 -162.7334
29.529400 87.370 -163.0029
29.743382 87.372 -163.2730
29.958915 87.373 -163.5415
30.176009 87.374 -163.8055
30.394677 87.374 -164.0635
30.614929 87.374 -164.3151
30.836778 87.375 -164.5617
31.060234 87.376 -164.8058
31.285309 87.378 -165.0507
31.512015 87.380 -165.2989
31.740364 87.383 -165.5525
31.970368 87.386 -165.8115
32.202039 87.387 -166.0750
32.435388 87.388 -166.3406
32.670428 87.388 -166.6057
32.907171 87.386 -166.8679
33.145630 87.385 -167.1259
33.385817 87.383 -167.3792
33.627745 87.381 -167.6286
33.871425 87.380 -167.8755
34.116871 87.379 -168.1217
34.364096 87.379 -168.3687
34.613113 87.379 -168.6178
34.863934 87.378 -168.8693
35.116572 87.378 -169.1226
35.371041 87.377 -169.3766
35.627354 87.375 -169.6297
35.885525 87.373 -169.8801
36.145566 87.371 -170.1265
36.407492 87.368 -170.3688
36.671316 87.367 -170.6076
36.937051 87.365 -170.8449
37.204712 87.364 -171.0831
37.474313 87.364 -171.3246
37.745867 87.363 -171.5703
38.019389 87.361 -171.8196
38.294893 87.358 -172.0702
38.572394 87.354 -172.3187
38.851905 87.350 -172.5620
39.133442 87.344 -172.7980
39.417019 87.339 -173.0267
39.702651 87.334 -173.2501
39.990353 87.329 -173.4715
40.280140 87.326 -173.6943
40.572026 87.322 -173.9212
40.866028 87.319 -174.1530
41.162160 87.315 -174.3889
41.460438 87.310 -174.6270
41.760877 87.305 -174.8651
42.063494 87.298 -175.1009
42.368303 87.292 -175.3336
42.675322 87.286 -175.5634
42.984565 87.280 -175.7917
43.296048 87.275 -176.0208
43.609789 87.270 -176.2528
43.925804 87.264 -176.4890
44.244108 87.259 -176.7283
44.564719 87.252 -176.9677
44.887654 87.245 -177.2030
45.212928 87.237 -177.4312
45.540560 87.230 -177.6520
45.870565 87.224 -177.8686
46.202962 87.218 -178.0862
46.537768 87.213 -178.3090
46.875000 87.208 -178.5381
47.214676 87.201 -178.7699
47.556813 87.193 -178.9986
47.901429 87.183 -179.2196
48.248542 87.174 -179.4330
48.598171 87.165 -179.6423
48.950334 87.156 -179.8526
49.305048 87.148 179.9337
49.662333 87.138 179.7177
50.022206 87.128 179.5017
50.384688 87.117 179.2865
50.749796 87.107 179.0695
51.117550 87.096 178.8472
51.487969 87.085 178.6193
51.861072 87.073 178.3893
52.236879 87.061 178.1612
52.615409 87.050 177.9332
52.996681 87.040 177.6953
53.380717 87.030 177.4362
53.767536 87.018 177.1555
54.157158 87.001 176.8709
54.549603 86.977 176.6127
54.944892 86.952 176.4058
55.343045 86.931 176.2518
55.744084 86.918 176.1250
56.148028 86.913 175.9875
56.554900 86.913 175.8139
56.964720 86.912 175.6046
57.377510 86.907 175.3798
57.793291 86.898 175.1609
58.212085 86.889 174.9548
58.633914 86.880 174.7552
59.058799 86.870 174.5536
59.486764 86.859 174.3492
59.917829 86.845 174.1476
60.352019 86.830 173.9542
60.789354 86.814 173.7675
61.229859 86.799 173.5822
61.673556 86.782 173.3943
62.120468 86.766 173.2039
62.570618 86.748 173.0126
63.024031 86.731 172.8203
63.480729 86.714 172.6246
63.940736 86.698 172.4236
64.404077 86.682 172.2175
64.870776 86.666 172.0090
65.340856 86.650 171.8010
65.814343 86.635 171.5944
66.291261 86.620 171.3889
66.771635 86.606 171.1840
67.255489 86.591 170.9812
67.742850 86.576 170.7839
68.233743 86.560 170.5948
68.728193 86.544 170.4149
69.226226 86.528 170.2418
69.727867 86.513 170.0712
70.233144 86.497 169.8963
70.742083 86.482 169.7114
71.254709 86.464 169.5179
71.771050 86.443 169.3264
72.291132 86.422 169.1458
72.814984 86.401 168.9705
73.342631 86.383 168.7817
73.874102 86.364 168.5696
74.409424 86.342 168.3474
74.948626 86.317 168.1379
75.491734 86.292 167.9467
76.038779 86.269 167.7587
76.589787 86.245 167.5631
77.144788 86.219 167.3705
77.703811 86.192 167.1992
78.266885 86.166 167.0488
78.834039 86.144 166.9002
79.405303 86.123 166.7383
79.980706 86.101 166.5629
80.560280 86.079 166.3812
81.144053 86.056 166.1979
81.732056 86.033 166.0156
82.324320 86.010 165.8374
82.920876 85.987 165.6670
83.521755 85.964 165.5071
84.126988 85.942 165.3575
84.736607 85.921 165.2127
85.350643 85.899 165.0654
85.969129 85.875 164.9129
86.592097 85.848 164.7570
87.219579 85.818 164.5976
87.851608 85.785 164.4327
88.488217 85.749 164.2601
89.129439 85.712 164.0711
89.775308 85.676 163.8532
90.425856 85.640 163.6017
91.081119 85.604 163.3120
91.741131 85.565 162.9731
92.405925 85.517 162.6147
93.075536 85.458 162.3429
93.750000 85.400 162.2538
94.429351 85.364 162.3031
95.113625 85.351 162.3443
95.802858 85.347 162.2960
96.497085 85.337 162.1907
97.196342 85.317 162.0866
97.900667 85.290 162.0074
98.610096 85.260 161.9404
99.324665 85.226 161.8504
100.044413 85.187 161.7150
100.769376 85.139 161.5529
101.499592 85.084 161.3948
102.235100 85.026 161.2479
102.975938 84.966 161.1127
103.722144 84.904 160.9997
104.473757 84.842 160.9207
105.230817 84.778 160.8811
105.993363 84.713 160.8784
106.761435 84.645 160.9105
107.535072 84.570 160.9968
108.314315 84.488 161.1773
109.099206 84.407 161.4853
109.889783 84.333 161.9350
110.686090 84.279 162.5020
111.488167 84.251 163.1079
112.296056 84.247 163.6742
113.109800 84.263 164.1732
113.929440 84.296 164.5948
114.755020 84.345 164.9140
115.586582 84.408 165.0916
116.424170 84.479 165.0859
117.267827 84.546 164.8871
118.117598 84.599 164.5325
118.973527 84.629 164.1232
119.835658 84.641 163.8208
120.704037 84.656 163.6868
121.578708 84.687 163.5910
122.459718 84.723 163.4141
123.347111 84.751 163.1702
124.240935 84.765 162.9062
125.141236 84.765 162.6477
126.048061 84.757 162.3959
126.961458 84.741 162.1308
127.881473 84.719 161.8476
128.808154 84.693 161.5607
129.741551 84.664 161.2815
130.681712 84.634 161.0168
131.628686 84.604 160.7726
132.582521 84.574 160.5526
133.543269 84.542 160.3615
134.510979 84.510 160.2021
135.485701 84.480 160.0601
136.467486 84.450 159.9120
137.456386 84.419 159.7550
138.452451 84.387 159.5980
139.455735 84.353 159.4445
140.466288 84.317 159.3014
141.484165 84.281 159.1786
142.509418 84.246 159.0735
143.542100 84.212 158.9694
144.582265 84.178 158.8568
145.629968 84.143 158.7444
146.685262 84.108 158.6428
147.748204 84.073 158.5521
148.818849 84.041 158.4656
149.897251 84.008 158.3764
150.983469 83.974 158.2825
152.077557 83.938 158.1892
153.179574 83.901 158.1024
154.289576 83.864 158.0179
155.407622 83.826 157.9338
156.533770 83.788 157.8568
157.668078 83.752 157.7900
158.810606 83.718 157.7302
159.961413 83.683 157.6742
161.120559 83.649 157.6173
162.288105 83.613 157.5565
163.464112 83.576 157.4938
164.648640 83.538 157.4307
165.841752 83.499 157.3630
167.043510 83.461 157.2898
168.253976 83.423 157.2193
169.473213 83.384 157.1627
170.701286 83.347 157.1213
171.938258 83.311 157.0873
173.184194 83.276 157.0477
174.439158 83.240 157.0042
175.703216 83.204 156.9727
176.976434 83.169 156.9572
178.258878 83.134 156.9479
179.550615 83.099 156.9347
180.851713 83.060 156.9202
182.162239 83.017 156.9274
183.482262 82.973 156.9619
184.811850 82.929 157.0104
186.151073 82.888 157.0721
187.500000 82.850 157.1488
188.858702 82.818 157.2301
190.227250 82.790 157.2989
191.605715 82.765 157.3477
192.994169 82.740 157.3800
194.392685 82.716 157.4016
195.801334 82.693 157.4122
197.220191 82.670 157.4062
198.649330 82.646 157.3865
200.088825 82.619 157.3633
201.538751 82.590 157.3422
202.999184 82.559 157.3228
204.470200 82.527 157.3043
205.951875 82.493 157.2875
207.444287 82.460 157.2726
208.947514 82.425 157.2590
210.461634 82.390 157.2487
211.986726 82.354 157.2457
213.522869 82.317 157.2517
215.070144 82.282 157.2651
216.628631 82.248 157.2812
218.198411 82.214 157.2990
219.779567 82.180 157.3197
221.372180 82.145 157.3434
222.976334 82.109 157.3694
224.592112 82.074 157.3975
226.219600 82.038 157.4288
227.858880 82.002 157.4651
229.510039 81.966 157.5062
231.173164 81.930 157.5518
232.848340 81.894 157.5999
234.535655 81.860 157.6466
236.235197 81.826 157.6889
237.947054 81.793 157.7303
239.671317 81.758 157.7797
241.408074 81.722 157.8423
243.157416 81.685 157.9098
244.919435 81.648 157.9733
246.694223 81.612 158.0328
248.481871 81.578 158.0938
250.282473 81.545 158.1610
252.096123 81.512 158.2354
253.922915 81.479 158.3130
255.762945 81.444 158.3908
257.616309 81.409 158.4689
259.483103 81.374 158.5481
261.363424 81.339 158.6299
263.257372 81.305 158.7150
265.165043 81.271 158.8033
267.086538 81.236 158.8951
269.021957 81.201 158.9889
270.971401 81.166 159.0824
272.934972 81.131 159.1758
274.912771 81.097 159.2696
276.904902 81.065 159.3638
278.911469 81.033 159.4616
280.932577 81.001 159.5654
282.968330 80.969 159.6736
285.018835 80.936 159.7814
287.084199 80.903 159.8872
289.164530 80.870 159.9934
291.259935 80.837 160.1023
293.370525 80.804 160.2156
295.496408 80.773 160.3343
297.637697 80.741 160.4574
299.794503 80.710 160.5842
301.966937 80.678 160.7138
304.155114 80.646 160.8431
306.359147 80.613 160.9686
308.579152 80.580 161.0933
310.815244 80.548 161.2216
313.067539 80.516 161.3536
315.336156 80.486 161.4866
317.621211 80.457 161.6208
319.922826 80.427 161.7568
322.241118 80.397 161.8945
324.576210 80.367 162.0316
326.928223 80.337 162.1680
329.297280 80.307 162.3059
331.683504 80.277 162.4495
334.087019 80.247 162.6008
336.507952 80.217 162.7552
338.946427 80.186 162.9095
341.402572 80.156 163.0648
343.876516 80.126 163.2225
346.368387 80.097 163.3824
348.878315 80.069 163.5435
351.406431 80.041 163.7074
353.952867 80.012 163.8767
356.517756 79.983 164.0490
359.101230 79.954 164.2217
361.703426 79.925 164.3966
364.324478 79.897 164.5760
366.964523 79.868 164.7603
369.623699 79.840 164.9456
372.302145 79.813 165.1247
375.000000 79.786 165.2959
377.717405 79.759 165.4650
380.454501 79.732 165.6380
383.211431 79.705 165.8187
385.988339 79.680 166.0079
388.785369 79.654 166.2035
391.602668 79.628 166.3998
394.440383 79.602 166.5916
397.298660 79.575 166.7797
400.177650 79.549 166.9693
403.077502 79.524 167.1640
405.998368 79.499 167.3643
408.940400 79.474 167.5701
411.903750 79.448 167.7798
414.888575 79.423 167.9898
417.895028 79.398 168.1980
420.923268 79.374 168.4050
423.973452 79.350 168.6120
427.045738 79.327 168.8212
430.140287 79.304 169.0373
433.257261 79.281 169.2613
436.396822 79.257 169.4865
439.559133 79.234 169.7084
442.744360 79.210 169.9291
445.952668 79.188 170.1523
449.184225 79.165 170.3797
452.439199 79.143 170.6109
455.717760 79.121 170.8447
459.020079 79.100 171.0803
462.346327 79.079 171.3171
465.696680 79.058 171.5562
469.071310 79.037 171.7974
472.470394 79.017 172.0393
475.894109 78.996 172.2816
479.342634 78.976 172.5254
482.816148 78.957 172.7719
486.314833 78.937 173.0196
489.838871 78.918 173.2675
493.388445 78.898 173.5182
496.963741 78.879 173.7740
500.564945 78.861 174.0338
504.192245 78.843 174.2945
507.845830 78.825 174.5548
511.525890 78.807 174.8146
515.232618 78.789 175.0754
518.966206 78.771 175.3401
522.726849 78.754 175.6090
526.514743 78.738 175.8807
530.330086 78.722 176.1530
534.173076 78.706 176.4250
538.043915 78.691 176.6994
541.942803 78.675 176.9777
545.869944 78.660 177.2596
549.825542 78.645 177.5441
553.809805 78.631 177.8299
557.822939 78.616 178.1163
561.865154 78.603 178.4034
565.936660 78.590 178.6907
570.037671 78.577 178.9782
574.168399 78.564 179.2658
578.329060 78.551 179.5546
582.519870 78.539 179.8453
586.741049 78.526 -179.8618
590.992817 78.515 -179.5652
595.275394 78.503 -179.2660
599.589005 78.491 -178.9652
603.933874 78.480 -178.6624
608.310228 78.468 -178.3575
612.718295 78.456 -178.0502
617.158304 78.444 -177.7402
621.630488 78.431 -177.4267
626.135079 78.419 -177.1091
630.672311 78.407 -176.7865
635.242423 78.396 -176.4610
639.845651 78.384 -176.1327
644.482237 78.373 -175.7967
649.152421 78.363 -175.4506
653.856447 78.353 -175.0967
658.594560 78.343 -174.7380
663.367008 78.334 -174.3742
668.174039 78.325 -174.0037
673.015903 78.317 -173.6274
677.892854 78.310 -173.2461
682.805145 78.304 -172.8590
687.753032 78.299 -172.4653
692.736774 78.294 -172.0661
697.756631 78.291 -171.6643
702.812863 78.289 -171.2620
707.905735 78.288 -170.8576
713.035511 78.288 -170.4477
718.202461 78.289 -170.0333
723.406852 78.292 -169.6180
728.648956 78.296 -169.2022
733.929047 78.301 -168.7842
739.247399 78.306 -168.3629
744.604290 78.312 -167.9382
750.000000 78.319 -167.5115
755.434809 78.326 -167.0841
760.909001 78.335 -166.6551
766.422861 78.346 -166.2232
771.976677 78.357 -165.7892
777.570739 78.370 -165.3530
783.205337 78.383 -164.9143
788.880766 78.398 -164.4747
794.597321 78.414 -164.0357
800.355301 78.432 -163.5958
806.155005 78.450 -163.1516
811.996736 78.471 -162.7029
817.880799 78.492 -162.2518
823.807501 78.515 -161.8019
829.777150 78.539 -161.3560
835.790057 78.564 -160.9124
841.846536 78.590 -160.4667
847.946903 78.618 -160.0167
854.091476 78.647 -159.5654
860.280575 78.677 -159.1156
866.514523 78.710 -158.6678
872.793644 78.743 -158.2227
879.118267 78.779 -157.7800
885.488720 78.815 -157.3374
891.905336 78.853 -156.8956
898.368450 78.893 -156.4567
904.878398 78.934 -156.0210
911.435520 78.977 -155.5891
918.040157 79.022 -155.1615
924.692655 79.069 -154.7392
931.393359 79.117 -154.3222
938.142619 79.166 -153.9100
944.940787 79.217 -153.5035
951.788218 79.269 -153.1044
958.685268 79.323 -152.7134
965.632296 79.378 -152.3299
972.629666 79.435 -151.9536
979.677741 79.493 -151.5850
986.776890 79.552 -151.2251
993.927482 79.612 -150.8745
1001.129891 79.674 -150.5330
1008.384491 79.736 -150.2009
1015.691660 79.800 -149.8796
1023.051781 79.865 -149.5694
1030.465236 79.931 -149.2696
1037.932411 79.997 -148.9799
1045.453698 80.064 -148.7004
1053.029486 80.132 -148.4318
1060.660172 80.201 -148.1750
1068.346153 80.270 -147.9300
1076.087829 80.339 -147.6979
1083.885605 80.409 -147.4795
1091.739887 80.478 -147.2733
1099.651084 80.548 -147.0777
1107.619609 80.618 -146.8923
1115.645878 80.687 -146.7168
1123.730308 80.756 -146.5509
1131.873321 80.825 -146.3949
1140.075341 80.894 -146.2500
1148.336797 80.963 -146.1166
1156.658119 81.031 -145.9932
1165.039741 81.099 -145.8772
1173.482099 81.165 -145.7678
1181.985634 81.231 -145.6662
1190.550789 81.297 -145.5724
1199.178011 81.362 -145.4866
1207.867749 81.426 -145.4092
1216.620457 81.490 -145.3391
1225.436590 81.553 -145.2736
1234.316609 81.615 -145.2118
1243.260976 81.676 -145.1546
1252.270157 81.737 -145.1019
1261.344623 81.796 -145.0531
1270.484846 81.855 -145.0071
1279.691303 81.914 -144.9645
1288.964474 81.971 -144.9250
1298.304842 82.029 -144.8878
1307.712894 82.085 -144.8525
1317.189120 82.142 -144.8181
1326.734016 82.197 -144.7845
1336.348077 82.252 -144.7517
1346.031806 82.306 -144.7195
1355.785708 82.360 -144.6882
1365.610290 82.413 -144.6582
1375.506065 82.466 -144.6292
1385.473549 82.519 -144.6005
1395.513261 82.571 -144.5718
1405.625726 82.623 -144.5428
1415.811469 82.675 -144.5134
1426.071023 82.727 -144.4835
1436.404921 82.778 -144.4529
1446.813703 82.829 -144.4215
1457.297912 82.880 -144.3896
1467.858093 82.931 -144.3569
1478.494798 82.982 -144.3230
1489.208581 83.033 -144.2889
1500.000000 83.085 -144.2556
1510.869618 83.136 -144.2225
1521.818002 83.187 -144.1886
1532.845723 83.239 -144.1539
1543.953355 83.291 -144.1192
1555.141477 83.343 -144.0851
1566.410674 83.395 -144.0509
1577.761531 83.447 -144.0161
1589.194642 83.500 -143.9804
1600.710601 83.553 -143.9445
1612.310010 83.606 -143.9088
1623.993473 83.660 -143.8735
1635.761599 83.715 -143.8389
1647.615002 83.769 -143.8055
1659.554299 83.825 -143.7731
1671.580114 83.880 -143.7425
1683.693072 83.937 -143.7132
1695.893807 83.993 -143.6812
1708.182952 84.051 -143.6464
1720.561150 84.111 -143.6153
1733.029045 84.173 -143.5945
1745.587288 84.236 -143.5847
1758.236533 84.300 -143.5820
1770.977440 84.364 -143.5796
1783.810673 84.428 -143.5717
1796.736900 84.492 -143.5569
1809.756796 84.554 -143.5404
1822.871040 84.616 -143.5302
1836.080315 84.678 -143.5293
1849.385310 84.741 -143.5335
1862.786718 84.805 -143.5406
1876.285239 84.869 -143.5520
1889.881575 84.934 -143.5680
1903.576436 85.000 -143.5888
1917.370535 85.066 -143.6145
1931.264593 85.133 -143.6450
1945.259332 85.201 -143.6801
1959.355483 85.269 -143.7200
1973.553781 85.338 -143.7652
1987.854965 85.407 -143.8163
2002.259781 85.477 -143.8737
2016.768981 85.548 -143.9379
2031.383320 85.619 -144.0092
2046.103561 85.690 -144.0876
2060.930471 85.763 -144.1735
2075.864823 85.835 -144.2670
2090.907395 85.909 -144.3684
2106.058972 85.982 -144.4780
2121.320344 86.057 -144.5959
2136.692305 86.131 -144.7226
2152.175658 86.206 -144.8582
2167.771210 86.281 -145.0033
2183.479774 86.357 -145.1584
2199.302169 86.433 -145.3235
2215.239219 86.508 -145.4987
2231.291755 86.584 -145.6846
2247.460615 86.661 -145.8815
2263.746641 86.737 -146.0895
2280.150683 86.813 -146.3085
2296.673595 86.888 -146.5388
2313.316238 86.964 -146.7801
2330.079481 87.039 -147.0324
2346.964198 87.113 -147.2963
2363.971268 87.187 -147.5720
2381.101578 87.261 -147.8591
2398.356022 87.333 -148.1571
2415.735498 87.405 -148.4655
2433.240913 87.476 -148.7832
2450.873180 87.545 -149.1089
2468.633217 87.612 -149.4413
2486.521951 87.679 -149.7788
2504.540314 87.743 -150.1186
2522.689246 87.806 -150.4573
2540.969692 87.867 -150.7902
2559.382606 87.927 -151.1119
2577.928947 87.987 -151.4170
2596.609683 88.048 -151.7007
2615.425787 88.112 -151.9601
2634.378241 88.181 -152.1961
2653.468031 88.257 -152.4163
2672.696154 88.344 -152.6364
2692.063613 88.442 -152.8811
2711.571415 88.552 -153.1816
2731.220579 88.671 -153.5703
2751.012130 88.796 -154.0714
2770.947098 88.921 -154.6953
2791.026522 89.041 -155.4381
2811.251451 89.151 -156.2836
2831.622938 89.250 -157.2088
2852.142045 89.335 -158.1900
2872.809842 89.407 -159.2066
2893.627406 89.466 -160.2420
2914.595823 89.514 -161.2844
2935.716186 89.552 -162.3261
2956.989596 89.580 -163.3626
2978.417161 89.600 -164.3914
3000.000000 89.613 -165.4108
3021.739237 89.618 -166.4191
3043.636005 89.617 -167.4150
3065.691446 89.610 -168.3976
3087.906710 89.597 -169.3665
3110.282955 89.579 -170.3217
3132.821347 89.555 -171.2635
3155.523062 89.527 -172.1918
3178.389283 89.493 -173.1066
3201.421202 89.455 -174.0075
3224.620020 89.413 -174.8941
3247.986946 89.366 -175.7661
3271.523198 89.315 -176.6241
3295.230004 89.261 -177.4686
3319.108599 89.202 -178.2996
3343.160228 89.139 -179.1171
3367.386145 89.072 -179.9210
3391.787613 89.001 179.2896
3416.365904 88.925 178.5161
3441.122300 88.844 177.7603
3466.058091 88.759 177.0245
3491.174576 88.670 176.3110
3516.473066 88.576 175.6216
3541.954880 88.479 174.9583
3567.621345 88.378 174.3224
3593.473800 88.275 173.7145
3619.513592 88.168 173.1349
3645.742080 88.060 172.5822
3672.160630 87.949 172.0539
3698.770620 87.837 171.5464
3725.573436 87.723 171.0566
3752.570477 87.607 170.5819
3779.763150 87.488 170.1208
3807.152872 87.366 169.6725
3834.741071 87.240 169.2377
3862.529185 87.108 168.8191
3890.518664 86.971 168.4220
3918.710966 86.827 168.0550
3947.107561 86.676 167.7308
3975.709929 86.518 167.4648
4004.519563 86.355 167.2714
4033.537962 86.188 167.1611
4062.766641 86.021 167.1387
4092.207123 85.856 167.2019
4121.860942 85.697 167.3409
4151.729646 85.544 167.5413
4181.814790 85.399 167.7872
4212.117944 85.261 168.0644
4242.640687 85.130 168.3614
4273.384610 85.005 168.6703
4304.351317 84.885 168.9862
4335.542421 84.769 169.3068
4366.959549 84.657 169.6301
4398.604338 84.547 169.9555
4430.478438 84.439 170.2833
4462.583511 84.332 170.6147
4494.921231 84.226 170.9523
4527.493283 84.119 171.2993
4560.301365 84.012 171.6603
4593.347189 83.904 172.0419
4626.632476 83.794 172.4539
4660.158962 83.684 172.9013
4693.928395 83.576 173.3802
4727.942535 83.472 173.8847
4762.203156 83.373 174.4148
4796.712043 83.280 174.9719
4831.470996 83.192 175.5513
4866.481826 83.109 176.1472
4901.746360 83.030 176.7560
4937.266434 82.956 177.3753
4973.043902 82.887 178.0024
5009.080628 82.822 178.6348
5045.378492 82.760 179.2709
5081.939384 82.703 179.9098
5118.765212 82.649 -179.4476
5155.857894 82.599 -178.8006
5193.219366 82.551 -178.1490
5230.851574 82.507 -177.4928
5268.756481 82.466 -176.8315
5306.936062 82.427 -176.1627
5345.392309 82.392 -175.4834
5384.127225 82.359 -174.7892
5423.142830 82.330 -174.0766
5462.441159 82.305 -173.3438
5502.024259 82.286 -172.5907
5541.894195 82.272 -171.8196
5582.053045 82.265 -171.0337
5622.502902 82.266 -170.2370
5663.245876 82.274 -169.4332
5704.284090 82.290 -168.6262
5745.619684 82.314 -167.8203
5787.254813 82.347 -167.0208
5829.191647 82.389 -166.2340
5871.432373 82.439 -165.4655
5913.979192 82.497 -164.7192
5956.834323 82.562 -163.9972
6000.000000 82.635 -163.3010
6043.478473 82.716 -162.6325
6087.272010 82.805 -161.9948
6131.382892 82.902 -161.3921
6175.813420 83.006 -160.8285
6220.565910 83.117 -160.3080
6265.642695 83.235 -159.8329
6311.046124 83.361 -159.4051
6356.778566 83.493 -159.0284
6402.842404 83.633 -158.7085
6449.240040 83.781 -158.4515
6495.973891 83.935 -158.2636
6543.046396 84.098 -158.1525
6590.460007 84.267 -158.1289
6638.217197 84.441 -158.1962
6686.320456 84.616 -158.3506
6734.772290 84.792 -158.5939
6783.575226 84.967 -158.9330
6832.731809 85.139 -159.3689
6882.244600 85.310 -159.8989
6932.116181 85.477 -160.5186
6982.349153 85.639 -161.2214
7032.946133 85.796 -161.9976
7083.909760 85.948 -162.8363
7135.242690 86.097 -163.7300
7186.947600 86.245 -164.6765
7239.027185 86.393 -165.6791
7291.484160 86.544 -166.7477
7344.321260 86.701 -167.9014
7397.541239 86.866 -169.1714
7451.146872 87.038 -170.6010
7505.140954 87.218 -172.2445
7559.526299 87.398 -174.1620
7614.305743 87.570 -176.4098
7669.482141 87.719 -179.0258
7725.058371 87.828 177.9834
7781.037328 87.878 174.6520
7837.421932 87.852 171.0610
7894.215122 87.735 167.3345
7951.419859 87.521 163.6260
8009.039125 87.212 160.0939
8067.075924 86.817 156.8783
8125.533282 86.352 154.0873
8184.414245 85.833 151.7881
8243.721885 85.279 150.0075
8303.459292 84.709 148.7362
8363.629581 84.135 147.9386
8424.235888 83.569 147.5654
8485.281374 83.017 147.5656
8546.769221 82.483 147.8945
8608.702634 81.970 148.5127
8671.084842 81.482 149.3770
8733.919097 81.020 150.4454
8797.208675 80.585 151.6883
8860.956876 80.177 153.0842
8925.167022 79.793 154.6141
8989.842461 79.433 156.2615
9054.986566 79.096 158.0113
9120.602731 78.780 159.8493
9186.694378 78.484 161.7648
9253.264952 78.207 163.7521
9320.317925 77.949 165.8069
9387.856790 77.710 167.9242
9455.885071 77.488 170.0974
9524.406312 77.285 172.3206
9593.424086 77.098 174.5901
9662.941992 76.929 176.9035
9732.963653 76.777 179.2573
9803.492719 76.643 -178.3522
9874.532869 76.528 -175.9290
9946.087805 76.431 -173.4770
10018.161257 76.354 -171.0001
10090.756983 76.297 -168.5036
10163.878768 76.262 -165.9955
10237.530423 76.249 -163.4859
10311.715789 76.260 -160.9861
10386.438732 76.295 -158.5102
10461.703149 76.356 -156.0723
10537.512962 76.441 -153.6880
10613.872125 76.552 -151.3729
10690.784618 76.688 -149.1434
10768.254450 76.848 -147.0152
10846.285661 77.032 -145.0025
10924.882318 77.241 -143.1180
11004.048518 77.475 -141.3785
11083.788390 77.734 -139.8078
11164.106090 78.021 -138.4382
11245.005805 78.336 -137.3167
11326.491752 78.680 -136.5145
11408.568180 79.050 -136.1359
11491.239368 79.438 -136.3247
11574.509626 79.822 -137.2603
11658.383294 80.156 -139.1209
11742.864745 80.369 -141.9834
11827.958384 80.355 -145.6255
11913.668646 80.007 -149.2101
12000.000000 79.278 -150.8761
12086.956947 78.347 -147.5580
12174.544019 77.791 -136.8474
12262.765784 78.254 -122.6653
12351.626840 79.619 -112.7694
12441.131819 81.331 -108.7845
12531.285389 83.068 -108.9135
12622.092249 84.731 -111.8517
12713.557132 86.275 -117.0908
12805.684808 87.640 -124.4717
12898.480079 88.743 -133.8356
12991.947783 89.494 -144.7933
13086.092792 89.823 -156.6425
13180.920015 89.710 -168.4624
13276.434395 89.198 -179.3523
13372.640911 88.379 171.3331
13469.544580 87.370 163.8822
13567.150452 86.279 158.2660
13665.463617 85.195 154.2480
13764.489200 84.169 151.5042
13864.232362 83.229 149.7156
13964.698305 82.377 148.6172
14065.892266 81.609 148.0103
14167.819519 80.913 147.7524
14270.485380 80.281 147.7387
14373.895200 79.704 147.8966
14478.054370 79.171 148.1810
14582.968320 78.675 148.5636
14688.642520 78.206 149.0269
14795.082478 77.760 149.5605
14902.293745 77.331 150.1598
15010.281908 76.915 150.8245
15119.052599 76.508 151.5596
15228.611486 76.110 152.3743
15338.964283 75.719 153.2762
15450.116741 75.335 154.2690
15562.074656 74.958 155.3546
15674.843864 74.590 156.5352
15788.430244 74.232 157.8116
15902.839718 73.884 159.1806
16018.078250 73.550 160.6325
16134.151848 73.230 162.1526
16251.066563 72.929 163.7239
16368.828491 72.649 165.3252
16487.443769 72.393 166.9278
16606.918584 72.168 168.4944
16727.259161 71.978 169.9773
16848.471777 71.829 171.3154
16970.562748 71.730 172.4301
17093.538442 71.687 173.2203
17217.405268 71.707 173.5573
17342.169684 71.795 173.2757
17467.838194 71.951 172.1710
17594.417350 72.163 170.0109
17721.913751 72.402 166.5662
17850.334044 72.623 161.6627
17979.684923 72.761 155.2532
18109.973131 72.742 147.4864
18241.205462 72.500 138.7348
18373.388756 71.995 129.5569
18506.529905 71.222 120.5874
18640.635849 70.218 112.4019
18775.713581 69.044 105.4146
18911.770141 67.776 99.8395
19048.812624 66.486 95.7122
19186.848172 65.229 92.9518
19325.883983 64.035 91.4300
19465.927305 62.916 91.0194
19606.985439 61.885 91.5983
19749.065738 60.977 92.9727
19892.175609 60.280 94.7172
20036.322514 59.907 96.0460
