* Measurement data measured by REW V5.31.3
* Source: AUDIO [plughw:1,0], Headset (Headset), 0, volume: 0.791
* Format: 256k Log Swept Sine, 1 sweep at -12.0 dBFS with no timing reference
* Dated: 08 31, 26 11:36:29 AM
* REW Settings:
*  C-weighting compensation: Off
*  Target level: 75.0 dB
* Note: ; 
* Measurement: Samsung GB 3 FE Custom R
* Smoothing: 1/24 octave
* Frequency Step: 96 ppo
* Start Frequency: 0.36621094 Hz
*
* Freq(Hz) SPL(dB) Phase(degrees)
0.366211 24.715 86.3701
0.368865 24.770 86.0132
0.371538 24.850 85.5009
0.374230 24.939 84.9249
0.376942 25.033 84.3265
0.379673 25.128 83.7205
0.382424 25.224 83.1121
0.385196 25.321 82.5027
0.387987 25.419 81.8930
0.390798 25.517 81.2834
0.393630 25.616 80.6742
0.396483 25.716 80.0656
0.399356 25.817 79.4578
0.402250 25.918 78.8512
0.405165 26.020 78.2458
0.408101 26.123 77.6420
0.411058 26.226 77.0400
0.414037 26.331 76.4399
0.417037 26.436 75.8420
0.420059 26.541 75.2465
0.423103 26.648 74.6535
0.426169 26.755 74.0632
0.429257 26.863 73.4757
0.432368 26.972 72.8913
0.435501 27.082 72.3100
0.438656 27.192 71.7319
0.441835 27.304 71.1573
0.445037 27.416 70.5862
0.448262 27.529 70.0187
0.451510 27.642 69.4549
0.454782 27.757 68.8948
0.458077 27.872 68.3386
0.461397 27.988 67.7863
0.464740 28.105 67.2380
0.468108 28.223 66.6936
0.471500 28.342 66.1533
0.474917 28.462 65.6170
0.478358 28.582 65.0848
0.481825 28.703 64.5566
0.485316 28.826 64.0326
0.488833 28.949 63.5126
0.492375 29.073 62.9966
0.495943 29.198 62.4847
0.499537 29.323 61.9767
0.503157 29.450 61.4728
0.506803 29.578 60.9728
0.510475 29.706 60.4766
0.514175 29.836 59.9843
0.517900 29.966 59.4958
0.521653 30.097 59.0109
0.525434 30.230 58.5298
0.529241 30.363 58.0522
0.533076 30.497 57.5781
0.536939 30.633 57.1075
0.540830 30.769 56.6402
0.544749 30.906 56.1763
0.548696 31.044 55.7155
0.552673 31.183 55.2579
0.556677 31.323 54.8032
0.560711 31.465 54.3516
0.564774 31.607 53.9028
0.568867 31.750 53.4568
0.572989 31.894 53.0134
0.577141 32.040 52.5727
0.581324 32.186 52.1344
0.585536 32.334 51.6986
0.589779 32.482 51.2651
0.594053 32.632 50.8337
0.598358 32.782 50.4046
0.602694 32.934 49.9775
0.607061 33.087 49.5523
0.611460 33.241 49.1290
0.615891 33.396 48.7075
0.620354 33.553 48.2876
0.624849 33.710 47.8694
0.629377 33.868 47.4526
0.633938 34.028 47.0374
0.638532 34.189 46.6234
0.643159 34.351 46.2107
0.647819 34.514 45.7992
0.652514 34.678 45.3888
0.657242 34.844 44.9795
0.662005 35.011 44.5711
0.666802 35.179 44.1635
0.671634 35.348 43.7568
0.676501 35.518 43.3509
0.681403 35.690 42.9456
0.686341 35.863 42.5409
0.691314 36.037 42.1368
0.696324 36.212 41.7331
0.701370 36.389 41.3299
0.706452 36.567 40.9270
0.711571 36.746 40.5245
0.716728 36.926 40.1224
0.721921 37.106 39.7208
0.727153 37.285 39.3204
0.732422 37.459 38.9226
0.737729 37.624 38.5303
0.743075 37.785 38.1460
0.748460 37.943 37.7708
0.753883 38.101 37.4050
0.759346 38.258 37.0484
0.764849 38.416 36.7007
0.770391 38.573 36.3613
0.775974 38.731 36.0301
0.781597 38.888 35.7064
0.787261 39.046 35.3900
0.792966 39.204 35.0803
0.798712 39.362 34.7771
0.804500 39.519 34.4799
0.810329 39.677 34.1884
0.816201 39.835 33.9022
0.822116 39.993 33.6208
0.828073 40.151 33.3440
0.834074 40.309 33.0714
0.840118 40.468 32.8027
0.846206 40.626 32.5374
0.852338 40.784 32.2753
0.858514 40.942 32.0161
0.864735 41.101 31.7595
0.871001 41.259 31.5050
0.877313 41.417 31.2525
0.883670 41.576 31.0016
0.890074 41.734 30.7521
0.896524 41.893 30.5037
0.903020 42.051 30.2560
0.909564 42.210 30.0089
0.916155 42.369 29.7620
0.922794 42.527 29.5151
0.929481 42.686 29.2680
0.936216 42.845 29.0205
0.943000 43.004 28.7722
0.949834 43.163 28.5229
0.956717 43.323 28.2725
0.963649 43.482 28.0208
0.970632 43.641 27.7674
0.977666 43.801 27.5121
0.984750 43.961 27.2549
0.991886 44.121 26.9955
0.999074 44.281 26.7336
1.006314 44.441 26.4691
1.013606 44.601 26.2018
1.020951 44.762 25.9316
1.028349 44.922 25.6582
1.035801 45.084 25.3815
1.043307 45.245 25.1013
1.050867 45.406 24.8174
1.058482 45.568 24.5297
1.066152 45.730 24.2381
1.073878 45.893 23.9424
1.081660 46.055 23.6426
1.089498 46.218 23.3392
1.097393 46.382 23.0330
1.105345 46.545 22.7263
1.113355 46.707 22.4213
1.121423 46.870 22.1193
1.129549 47.031 21.8205
1.137734 47.192 21.5251
1.145979 47.352 21.2328
1.154283 47.512 20.9434
1.162647 47.671 20.6566
1.171072 47.830 20.3721
1.179558 47.988 20.0898
1.188106 48.145 19.8094
1.196715 48.302 19.5306
1.205387 48.459 19.2532
1.214122 48.614 18.9769
1.222920 48.770 18.7015
1.231782 48.925 18.4268
1.240708 49.079 18.1524
1.249699 49.233 17.8782
1.258754 49.387 17.6040
1.267876 49.540 17.3295
1.277063 49.693 17.0544
1.286318 49.846 16.7786
1.295639 49.999 16.5017
1.305027 50.151 16.2237
1.314484 50.303 15.9442
1.324009 50.455 15.6631
1.333604 50.606 15.3800
1.343268 50.758 15.0949
1.353002 50.910 14.8075
1.362806 51.062 14.5175
1.372681 51.213 14.2247
1.382628 51.365 13.9290
1.392647 51.517 13.6302
1.402739 51.670 13.3279
1.412904 51.823 13.0220
1.423142 51.976 12.7124
1.433455 52.129 12.3988
1.443843 52.283 12.0812
1.454305 52.438 11.7599
1.464844 52.592 11.4357
1.475459 52.747 11.1106
1.486150 52.902 10.7863
1.496920 53.055 10.4636
1.507767 53.209 10.1426
1.518693 53.362 9.8233
1.529698 53.514 9.5052
1.540783 53.665 9.1883
1.551948 53.816 8.8720
1.563194 53.967 8.5562
1.574521 54.117 8.2405
1.585931 54.266 7.9247
1.597423 54.415 7.6083
1.608999 54.564 7.2911
1.620658 54.712 6.9728
1.632402 54.859 6.6531
1.644232 55.007 6.3316
1.656146 55.153 6.0081
1.668147 55.300 5.6823
1.680235 55.446 5.3539
1.692411 55.592 5.0225
1.704675 55.738 4.6879
1.717028 55.884 4.3497
1.729470 56.029 4.0077
1.742003 56.174 3.6616
1.754626 56.320 3.3110
1.767341 56.465 2.9557
1.780147 56.610 2.5954
1.793047 56.755 2.2297
1.806040 56.901 1.8586
1.819128 57.047 1.4821
1.832310 57.192 1.1005
1.845587 57.337 0.7151
1.858961 57.482 0.3269
1.872432 57.626 -0.0633
1.886001 57.769 -0.4553
1.899667 57.912 -0.8489
1.913433 58.054 -1.2440
1.927299 58.195 -1.6404
1.941265 58.336 -2.0382
1.955332 58.476 -2.4373
1.969501 58.616 -2.8378
1.983773 58.755 -3.2395
1.998148 58.893 -3.6426
2.012627 59.031 -4.0471
2.027212 59.168 -4.4530
2.041902 59.305 -4.8604
2.056698 59.442 -5.2695
2.071602 59.578 -5.6802
2.086614 59.714 -6.0928
2.101734 59.849 -6.5073
2.116964 59.985 -6.9239
2.132304 60.120 -7.3428
2.147756 60.255 -7.7641
2.163320 60.389 -8.1881
2.178996 60.524 -8.6150
2.194786 60.658 -9.0448
2.210690 60.792 -9.4779
2.226710 60.926 -9.9140
2.242845 61.058 -10.3530
2.259098 61.190 -10.7947
2.275468 61.321 -11.2387
2.291957 61.451 -11.6849
2.308566 61.581 -12.1329
2.325295 61.710 -12.5825
2.342145 61.838 -13.0335
2.359117 61.965 -13.4858
2.376212 62.092 -13.9392
2.393431 62.218 -14.3935
2.410775 62.343 -14.8486
2.428244 62.468 -15.3044
2.445840 62.593 -15.7608
2.463564 62.717 -16.2178
2.481416 62.841 -16.6754
2.499397 62.964 -17.1335
2.517509 63.087 -17.5921
2.535752 63.210 -18.0514
2.554127 63.333 -18.5118
2.572635 63.455 -18.9737
2.591277 63.576 -19.4382
2.610055 63.697 -19.9055
2.628968 63.816 -20.3755
2.648019 63.935 -20.8480
2.667208 64.053 -21.3226
2.686535 64.170 -21.7989
2.706003 64.287 -22.2766
2.725612 64.402 -22.7553
2.745363 64.517 -23.2346
2.765257 64.631 -23.7142
2.785295 64.745 -24.1939
2.805478 64.858 -24.6733
2.825808 64.971 -25.1522
2.846285 65.083 -25.6303
2.866910 65.195 -26.1075
2.887685 65.307 -26.5835
2.908611 65.418 -27.0585
2.929688 65.529 -27.5331
2.950917 65.640 -28.0082
2.972301 65.749 -28.4848
2.993839 65.858 -28.9632
3.015534 65.966 -29.4433
3.037386 66.073 -29.9249
3.059396 66.179 -30.4074
3.081565 66.284 -30.8906
3.103896 66.389 -31.3740
3.126388 66.493 -31.8572
3.149043 66.597 -32.3398
3.171862 66.700 -32.8216
3.194847 66.803 -33.3020
3.217998 66.906 -33.7807
3.241317 67.008 -34.2576
3.264805 67.110 -34.7323
3.288463 67.211 -35.2052
3.312293 67.313 -35.6768
3.336295 67.414 -36.1481
3.360471 67.514 -36.6198
3.384822 67.613 -37.0917
3.409350 67.711 -37.5640
3.434056 67.809 -38.0362
3.458940 67.907 -38.5083
3.484005 68.004 -38.9799
3.509252 68.100 -39.4508
3.534681 68.196 -39.9207
3.560295 68.292 -40.3894
3.586094 68.388 -40.8566
3.612081 68.484 -41.3221
3.638255 68.579 -41.7859
3.664620 68.674 -42.2480
3.691175 68.770 -42.7089
3.717923 68.864 -43.1692
3.744864 68.958 -43.6289
3.772001 69.052 -44.0883
3.799335 69.146 -44.5474
3.826866 69.238 -45.0061
3.854597 69.331 -45.4643
3.882529 69.424 -45.9222
3.910664 69.516 -46.3795
3.939002 69.608 -46.8363
3.967546 69.700 -47.2925
3.996296 69.792 -47.7481
4.025255 69.884 -48.2031
4.054423 69.977 -48.6575
4.083804 70.068 -49.1114
4.113396 70.160 -49.5651
4.143204 70.252 -50.0185
4.173227 70.343 -50.4719
4.203468 70.434 -50.9255
4.233928 70.525 -51.3794
4.264609 70.616 -51.8337
4.295512 70.706 -52.2887
4.326639 70.797 -52.7443
4.357992 70.888 -53.2009
4.389572 70.978 -53.6584
4.421380 71.069 -54.1168
4.453419 71.160 -54.5761
4.485691 71.250 -55.0363
4.518196 71.341 -55.4974
4.550936 71.431 -55.9595
4.583914 71.521 -56.4227
4.617131 71.611 -56.8871
4.650589 71.700 -57.3528
4.684289 71.790 -57.8200
4.718233 71.880 -58.2888
4.752424 71.969 -58.7594
4.786862 72.058 -59.2320
4.821549 72.147 -59.7065
4.856488 72.236 -60.1831
4.891680 72.325 -60.6616
4.927127 72.414 -61.1417
4.962831 72.502 -61.6235
4.998794 72.590 -62.1067
5.035017 72.678 -62.5912
5.071503 72.765 -63.0771
5.108253 72.852 -63.5644
5.145270 72.939 -64.0534
5.182555 73.026 -64.5446
5.220110 73.112 -65.0380
5.257937 73.198 -65.5335
5.296038 73.284 -66.0306
5.334415 73.369 -66.5291
5.373071 73.454 -67.0284
5.412006 73.539 -67.5282
5.451224 73.623 -68.0283
5.490725 73.707 -68.5287
5.530514 73.791 -69.0299
5.570590 73.875 -69.5324
5.610957 73.958 -70.0362
5.651616 74.040 -70.5410
5.692570 74.122 -71.0465
5.733821 74.204 -71.5521
5.775370 74.286 -72.0574
5.817221 74.368 -72.5620
5.859375 74.449 -73.0659
5.901834 74.531 -73.5693
5.944602 74.612 -74.0726
5.987679 74.693 -74.5759
6.031068 74.773 -75.0794
6.074771 74.854 -75.5828
6.118792 74.934 -76.0860
6.163131 75.015 -76.5889
6.207792 75.095 -77.0912
6.252776 75.176 -77.5928
6.298086 75.257 -78.0938
6.343725 75.338 -78.5944
6.389694 75.419 -79.0950
6.435996 75.500 -79.5961
6.482634 75.581 -80.0981
6.529610 75.663 -80.6014
6.576926 75.745 -81.1060
6.624585 75.827 -81.6117
6.672590 75.910 -82.1182
6.720942 75.993 -82.6257
6.769645 76.076 -83.1348
6.818700 76.160 -83.6465
6.868111 76.243 -84.1615
6.917881 76.328 -84.6807
6.968010 76.412 -85.2042
7.018504 76.497 -85.7316
7.069362 76.583 -86.2626
7.120590 76.668 -86.7976
7.172189 76.754 -87.3372
7.224161 76.840 -87.8821
7.276511 76.926 -88.4333
7.329239 77.012 -88.9910
7.382350 77.098 -89.5555
7.435845 77.184 -90.1263
7.489729 77.270 -90.7033
7.544002 77.356 -91.2863
7.598669 77.441 -91.8755
7.653732 77.526 -92.4710
7.709194 77.610 -93.0733
7.765058 77.694 -93.6828
7.821327 77.777 -94.2993
7.878004 77.860 -94.9220
7.935091 77.941 -95.5497
7.992592 78.022 -96.1817
8.050510 78.102 -96.8177
8.108847 78.181 -97.4584
8.167607 78.259 -98.1041
8.226793 78.336 -98.7542
8.286408 78.412 -99.4073
8.346454 78.487 -100.0618
8.406936 78.560 -100.7168
8.467856 78.633 -101.3723
8.529218 78.705 -102.0290
8.591024 78.776 -102.6870
8.653278 78.846 -103.3453
8.715983 78.915 -104.0027
8.779143 78.984 -104.6584
8.842760 79.052 -105.3122
8.906839 79.119 -105.9647
8.971381 79.186 -106.6165
9.036392 79.253 -107.2681
9.101873 79.320 -107.9198
9.167829 79.387 -108.5715
9.234263 79.454 -109.2230
9.301178 79.522 -109.8750
9.368578 79.589 -110.5293
9.436467 79.657 -111.1881
9.504847 79.726 -111.8529
9.573723 79.794 -112.5241
9.643099 79.864 -113.2016
9.712976 79.933 -113.8869
9.783361 80.003 -114.5825
9.854255 80.073 -115.2910
9.925663 80.143 -116.0138
9.997588 80.212 -116.7510
10.070035 80.282 -117.5028
10.143007 80.350 -118.2699
10.216507 80.417 -119.0538
10.290540 80.482 -119.8561
10.365109 80.546 -120.6773
10.440219 80.608 -121.5161
10.515873 80.667 -122.3703
10.592076 80.723 -123.2386
10.668830 80.776 -124.1217
10.746141 80.825 -125.0202
10.824012 80.870 -125.9310
10.902447 80.911 -126.8490
10.981451 80.947 -127.7703
11.061027 80.979 -128.6950
11.141180 81.006 -129.6227
11.221913 81.028 -130.5486
11.303232 81.046 -131.4659
11.385140 81.059 -132.3706
11.467641 81.068 -133.2627
11.550741 81.072 -134.1406
11.634442 81.073 -134.9995
11.718750 81.071 -135.8344
11.803669 81.066 -136.6429
11.889203 81.059 -137.4258
11.975357 81.051 -138.1830
12.062136 81.043 -138.9137
12.149543 81.035 -139.6164
12.237583 81.028 -140.2921
12.326262 81.023 -140.9454
12.415583 81.020 -141.5816
12.505552 81.020 -142.2035
12.596172 81.024 -142.8127
12.687449 81.031 -143.4158
12.779387 81.042 -144.0218
12.871992 81.057 -144.6368
12.965268 81.076 -145.2629
13.059220 81.098 -145.9051
13.153852 81.121 -146.5705
13.249170 81.146 -147.2643
13.345179 81.173 -147.9871
13.441884 81.198 -148.7392
13.539289 81.223 -149.5214
13.637401 81.245 -150.3348
13.736223 81.264 -151.1773
13.835761 81.279 -152.0430
13.936021 81.289 -152.9270
14.037007 81.294 -153.8273
14.138725 81.293 -154.7382
14.241180 81.287 -155.6505
14.344377 81.274 -156.5570
14.448323 81.255 -157.4547
14.553021 81.231 -158.3373
14.658478 81.203 -159.1967
14.764700 81.170 -160.0286
14.871691 81.134 -160.8314
14.979457 81.096 -161.6026
15.088005 81.058 -162.3396
15.197339 81.018 -163.0431
15.307465 80.980 -163.7166
15.418389 80.943 -164.3636
15.530117 80.909 -164.9866
15.642655 80.877 -165.5911
15.756008 80.848 -166.1847
15.870182 80.823 -166.7719
15.985184 80.799 -167.3568
16.101019 80.778 -167.9449
16.217694 80.758 -168.5403
16.335214 80.738 -169.1437
16.453586 80.718 -169.7552
16.572815 80.697 -170.3748
16.692909 80.674 -171.0002
16.813872 80.649 -171.6271
16.935713 80.621 -172.2514
17.058436 80.591 -172.8696
17.182048 80.557 -173.4765
17.306556 80.522 -174.0675
17.431967 80.485 -174.6404
17.558286 80.446 -175.1933
17.685521 80.408 -175.7250
17.813677 80.369 -176.2368
17.942762 80.332 -176.7321
18.072783 80.297 -177.2140
18.203746 80.263 -177.6869
18.335658 80.231 -178.1573
18.468526 80.200 -178.6297
18.602356 80.171 -179.1082
18.737156 80.142 -179.5971
18.872934 80.113 179.9017
19.009695 80.082 179.3887
19.147447 80.048 178.8650
19.286197 80.012 178.3333
19.425953 79.972 177.7990
19.566721 79.928 177.2667
19.708510 79.880 176.7419
19.851326 79.829 176.2307
19.995177 79.774 175.7365
20.140070 79.718 175.2624
20.286013 79.661 174.8099
20.433014 79.603 174.3780
20.581080 79.546 173.9637
20.730219 79.490 173.5639
20.880439 79.436 173.1730
21.031747 79.383 172.7859
21.184152 79.332 172.3986
21.337661 79.281 172.0068
21.492282 79.232 171.6092
21.648024 79.182 171.2057
21.804895 79.131 170.7974
21.962902 79.080 170.3873
22.122054 79.028 169.9783
22.282360 78.975 169.5729
22.443827 78.923 169.1733
22.606464 78.871 168.7793
22.770280 78.820 168.3890
22.935283 78.772 167.9993
23.101481 78.726 167.6055
23.268884 78.681 167.2031
23.437500 78.638 166.7885
23.607338 78.595 166.3599
23.778406 78.552 165.9186
23.950714 78.507 165.4686
24.124271 78.460 165.0161
24.299086 78.411 164.5693
24.475167 78.360 164.1352
24.652524 78.309 163.7197
24.831166 78.259 163.3246
25.011103 78.211 162.9473
25.192344 78.167 162.5808
25.374898 78.127 162.2136
25.558775 78.091 161.8342
25.743984 78.057 161.4308
25.930536 78.024 160.9975
26.118439 77.988 160.5339
26.307704 77.946 160.0478
26.498341 77.897 159.5547
26.690359 77.839 159.0739
26.883768 77.773 158.6285
27.078579 77.701 158.2369
27.274801 77.626 157.9128
27.472446 77.552 157.6577
27.671522 77.483 157.4625
27.872042 77.423 157.3058
28.074014 77.372 157.1607
28.277450 77.331 156.9967
28.482360 77.295 156.7904
28.688755 77.262 156.5269
28.896645 77.225 156.2053
29.106042 77.182 155.8368
29.316957 77.130 155.4415
29.529400 77.067 155.0432
29.743382 76.996 154.6643
29.958915 76.919 154.3195
30.176009 76.839 154.0138
30.394677 76.760 153.7416
30.614929 76.683 153.4894
30.836778 76.609 153.2403
31.060234 76.538 152.9802
31.285309 76.466 152.7009
31.512015 76.393 152.4032
31.740364 76.316 152.0950
31.970368 76.236 151.7889
32.202039 76.153 151.4965
32.435388 76.069 151.2249
32.670428 75.986 150.9739
32.907171 75.907 150.7365
33.145630 75.831 150.5006
33.385817 75.759 150.2550
33.627745 75.689 149.9930
33.871425 75.619 149.7152
34.116871 75.546 149.4301
34.364096 75.471 149.1505
34.613113 75.395 148.8903
34.863934 75.318 148.6577
35.116572 75.244 148.4526
35.371041 75.174 148.2654
35.627354 75.109 148.0802
35.885525 75.048 147.8812
36.145566 74.988 147.6575
36.407492 74.925 147.4098
36.671316 74.858 147.1492
36.937051 74.784 146.8940
37.204712 74.705 146.6631
37.474313 74.623 146.4666
37.745867 74.540 146.3013
38.019389 74.460 146.1513
38.294893 74.382 145.9938
38.572394 74.304 145.8115
38.851905 74.220 145.6007
39.133442 74.127 145.3763
39.417019 74.024 145.1688
39.702651 73.912 145.0109
39.990353 73.796 144.9249
40.280140 73.681 144.9127
40.572026 73.575 144.9523
40.866028 73.479 145.0064
41.162160 73.392 145.0391
41.460438 73.310 145.0288
41.760877 73.229 144.9738
42.063494 73.146 144.8890
42.368303 73.059 144.7948
42.675322 72.971 144.7047
42.984565 72.884 144.6217
43.296048 72.796 144.5415
43.609789 72.709 144.4603
43.925804 72.619 144.3820
44.244108 72.526 144.3191
44.564719 72.430 144.2869
44.887654 72.331 144.2951
45.212928 72.232 144.3445
45.540560 72.134 144.4293
45.870565 72.036 144.5443
46.202962 71.937 144.6903
46.537768 71.836 144.8734
46.875000 71.736 145.0974
47.214676 71.638 145.3544
47.556813 71.545 145.6226
47.901429 71.455 145.8766
48.248542 71.365 146.1021
48.598171 71.270 146.3055
48.950334 71.171 146.5079
49.305048 71.068 146.7276
49.662333 70.968 146.9623
50.022206 70.873 147.1870
50.384688 70.782 147.3719
50.749796 70.690 147.5084
51.117550 70.594 147.6195
51.487969 70.494 147.7435
51.861072 70.396 147.9012
52.236879 70.305 148.0759
52.615409 70.221 148.2294
52.996681 70.138 148.3469
53.380717 70.046 148.4696
53.767536 69.945 148.6797
54.157158 69.844 149.0411
54.549603 69.757 149.5422
54.944892 69.694 150.0967
55.343045 69.649 150.6102
55.744084 69.605 151.0536
56.148028 69.553 151.4728
56.554900 69.494 151.9288
56.964720 69.435 152.4271
57.377510 69.381 152.9102
57.793291 69.324 153.3180
58.212085 69.251 153.6533
58.633914 69.155 153.9839
59.058799 69.039 154.3889
59.486764 68.914 154.9077
59.917829 68.790 155.5330
60.352019 68.675 156.2386
60.789354 68.573 156.9960
61.229859 68.492 157.7642
61.673556 68.433 158.4856
62.120468 68.393 159.1076
62.570618 68.366 159.6082
63.024031 68.345 159.9912
63.480729 68.325 160.2699
63.940736 68.299 160.4756
64.404077 68.258 160.6836
64.870776 68.206 160.9977
65.340856 68.156 161.4752
65.814343 68.123 162.0654
66.291261 68.110 162.6462
66.771635 68.101 163.1404
67.255489 68.080 163.5758
67.742850 68.044 164.0317
68.233743 67.998 164.5561
68.728193 67.947 165.1591
69.226226 67.894 165.8560
69.727867 67.852 166.6556
70.233144 67.834 167.4841
70.742083 67.845 168.1763
71.254709 67.867 168.6024
71.771050 67.871 168.7957
72.291132 67.847 168.9243
72.814984 67.805 169.1402
73.342631 67.765 169.4712
73.874102 67.736 169.8528
74.409424 67.714 170.2355
74.948626 67.697 170.6300
75.491734 67.685 171.0530
76.038779 67.682 171.4711
76.589787 67.684 171.8264
77.144788 67.679 172.1064
77.703811 67.659 172.3637
78.266885 67.626 172.6677
78.834039 67.587 173.0528
79.405303 67.554 173.4961
79.980706 67.531 173.9171
80.560280 67.512 174.2263
81.144053 67.480 174.4323
81.732056 67.429 174.6878
82.324320 67.377 175.1336
82.920876 67.358 175.6809
83.521755 67.374 176.0573
84.126988 67.388 176.1325
84.736607 67.366 176.0967
85.350643 67.316 176.2530
85.969129 67.275 176.7103
86.592097 67.273 177.3098
87.219579 67.305 177.8320
87.851608 67.348 178.1984
88.488217 67.385 178.4778
89.129439 67.409 178.7881
89.775308 67.428 179.2222
90.425856 67.456 179.7678
91.081119 67.496 -179.7197
91.741131 67.526 -179.3421
92.405925 67.526 -178.9939
93.075536 67.504 -178.5432
93.750000 67.476 -178.0560
94.429351 67.430 -177.5998
95.113625 67.366 -177.0326
95.802858 67.319 -176.3182
96.497085 67.310 -175.7571
97.196342 67.308 -175.5990
97.900667 67.277 -175.7193
98.610096 67.212 -175.8148
99.324665 67.140 -175.6834
100.044413 67.093 -175.3513
100.769376 67.083 -175.0255
101.499592 67.087 -174.8199
102.235100 67.087 -174.6413
102.975938 67.085 -174.4171
103.722144 67.078 -174.1697
104.473757 67.063 -173.8749
105.230817 67.046 -173.5060
105.993363 67.031 -173.1132
106.761435 67.017 -172.7339
107.535072 67.005 -172.3712
108.314315 66.995 -172.0368
109.099206 66.986 -171.7276
109.889783 66.982 -171.4530
110.686090 66.977 -171.2445
111.488167 66.962 -171.0601
112.296056 66.942 -170.8186
113.109800 66.923 -170.5221
113.929440 66.906 -170.2006
114.755020 66.889 -169.8450
115.586582 66.875 -169.4564
116.424170 66.861 -169.0277
117.267827 66.849 -168.5143
118.117598 66.853 -167.9373
118.973527 66.873 -167.4642
119.835658 66.887 -167.2476
120.704037 66.867 -167.1943
121.578708 66.813 -167.0721
122.459718 66.748 -166.7971
123.347111 66.691 -166.4518
124.240935 66.648 -166.1292
125.141236 66.612 -165.8450
126.048061 66.583 -165.5445
126.961458 66.564 -165.2067
127.881473 66.555 -164.8778
128.808154 66.547 -164.5692
129.741551 66.533 -164.2329
130.681712 66.517 -163.8540
131.628686 66.500 -163.4779
132.582521 66.480 -163.1336
133.543269 66.457 -162.8037
134.510979 66.433 -162.4999
135.485701 66.406 -162.2657
136.467486 66.366 -162.0348
137.456386 66.320 -161.6875
138.452451 66.283 -161.2459
139.455735 66.257 -160.8092
140.466288 66.236 -160.4190
141.484165 66.213 -160.0668
142.509418 66.187 -159.7375
143.542100 66.156 -159.4183
144.582265 66.117 -159.0658
145.629968 66.076 -158.6350
146.685262 66.042 -158.1529
147.748204 66.014 -157.6940
148.818849 65.986 -157.2883
149.897251 65.954 -156.8915
150.983469 65.921 -156.4670
152.077557 65.890 -156.0450
153.179574 65.856 -155.6489
154.289576 65.818 -155.2412
155.407622 65.779 -154.7772
156.533770 65.748 -154.2894
157.668078 65.723 -153.8544
158.810606 65.699 -153.4935
159.961413 65.666 -153.1568
161.120559 65.622 -152.7466
162.288105 65.577 -152.1920
163.464112 65.540 -151.5553
164.648640 65.509 -150.9697
165.841752 65.473 -150.4557
167.043510 65.431 -149.9207
168.253976 65.397 -149.3099
169.473213 65.381 -148.7142
170.701286 65.374 -148.2482
171.938258 65.356 -147.8832
173.184194 65.318 -147.4757
174.439158 65.272 -146.9204
175.703216 65.236 -146.2670
176.976434 65.216 -145.6290
178.258878 65.207 -145.0652
179.550615 65.197 -144.5586
180.851713 65.175 -144.0493
182.162239 65.133 -143.4559
183.482262 65.079 -142.7125
184.811850 65.033 -141.8717
186.151073 65.012 -141.0970
187.500000 65.013 -140.5676
188.858702 65.013 -140.3060
190.227250 64.986 -140.1030
191.605715 64.927 -139.7468
192.994169 64.838 -139.1562
194.392685 64.733 -138.3123
195.801334 64.636 -137.2492
197.220191 64.578 -136.0584
198.649330 64.578 -134.8915
200.088825 64.633 -133.9330
201.538751 64.714 -133.3192
202.999184 64.779 -133.0875
204.470200 64.786 -133.1936
205.951875 64.706 -133.4628
207.444287 64.528 -133.5672
208.947514 64.275 -133.1251
210.461634 63.996 -131.8308
211.986726 63.764 -129.5902
213.522869 63.650 -126.6520
215.070144 63.689 -123.5922
216.628631 63.855 -120.9768
218.198411 64.084 -119.0420
219.779567 64.310 -117.7784
221.372180 64.496 -117.0549
222.976334 64.629 -116.6901
224.592112 64.722 -116.5357
226.219600 64.786 -116.4819
227.858880 64.824 -116.3691
229.510039 64.836 -116.0530
231.173164 64.825 -115.5385
232.848340 64.798 -114.9282
234.535655 64.761 -114.2968
236.235197 64.717 -113.6219
237.947054 64.662 -112.8286
239.671317 64.584 -111.9106
241.408074 64.476 -110.9320
243.157416 64.351 -110.0347
244.919435 64.235 -109.3734
246.694223 64.156 -108.9278
248.481871 64.133 -108.5231
250.282473 64.162 -107.9561
252.096123 64.220 -107.0664
253.922915 64.282 -105.7441
255.762945 64.333 -103.9848
257.616309 64.360 -101.9849
259.483103 64.356 -100.0122
261.363424 64.335 -98.2581
263.257372 64.333 -96.8016
265.165043 64.393 -95.5852
267.086538 64.523 -94.4051
269.021957 64.688 -93.0629
270.971401 64.841 -91.5425
272.934972 64.958 -90.0220
274.912771 65.051 -88.7095
276.904902 65.150 -87.6765
278.911469 65.275 -86.8338
280.932577 65.418 -86.0167
282.968330 65.563 -85.1638
285.018835 65.702 -84.3359
287.084199 65.838 -83.6063
289.164530 65.970 -82.9695
291.259935 66.095 -82.3636
293.370525 66.209 -81.7491
295.496408 66.313 -81.1264
297.637697 66.411 -80.5198
299.794503 66.505 -79.9571
301.966937 66.594 -79.4231
304.155114 66.679 -78.8761
306.359147 66.765 -78.2882
308.579152 66.855 -77.6681
310.815244 66.948 -77.0381
313.067539 67.044 -76.4079
315.336156 67.140 -75.7837
317.621211 67.232 -75.1674
319.922826 67.317 -74.5506
322.241118 67.398 -73.9200
324.576210 67.478 -73.2763
326.928223 67.560 -72.6420
329.297280 67.645 -72.0294
331.683504 67.730 -71.4212
334.087019 67.815 -70.7954
336.507952 67.900 -70.1612
338.946427 67.985 -69.5390
341.402572 68.071 -68.9310
343.876516 68.156 -68.3317
346.368387 68.241 -67.7439
348.878315 68.326 -67.1678
351.406431 68.410 -66.5854
353.952867 68.496 -65.9899
356.517756 68.583 -65.3919
359.101230 68.668 -64.7969
361.703426 68.753 -64.2078
364.324478 68.838 -63.6268
366.964523 68.923 -63.0533
369.623699 69.010 -62.4818
372.302145 69.096 -61.9014
375.000000 69.182 -61.3068
377.717405 69.268 -60.7089
380.454501 69.355 -60.1191
383.211431 69.443 -59.5408
385.988339 69.531 -58.9724
388.785369 69.619 -58.4106
391.602668 69.708 -57.8479
394.440383 69.798 -57.2794
397.298660 69.889 -56.7096
400.177650 69.979 -56.1439
403.077502 70.068 -55.5850
405.998368 70.158 -55.0318
408.940400 70.247 -54.4824
411.903750 70.336 -53.9371
414.888575 70.425 -53.3952
417.895028 70.514 -52.8576
420.923268 70.604 -52.3231
423.973452 70.694 -51.7877
427.045738 70.785 -51.2496
430.140287 70.876 -50.7110
433.257261 70.966 -50.1739
436.396822 71.056 -49.6419
439.559133 71.147 -49.1137
442.744360 71.238 -48.5852
445.952668 71.329 -48.0573
449.184225 71.420 -47.5312
452.439199 71.511 -47.0065
455.717760 71.603 -46.4875
459.020079 71.695 -45.9768
462.346327 71.788 -45.4690
465.696680 71.880 -44.9568
469.071310 71.973 -44.4413
472.470394 72.065 -43.9256
475.894109 72.157 -43.4120
479.342634 72.250 -42.9042
482.816148 72.344 -42.4065
486.314833 72.439 -41.9141
489.838871 72.533 -41.4212
493.388445 72.627 -40.9275
496.963741 72.721 -40.4365
500.564945 72.815 -39.9522
504.192245 72.909 -39.4720
507.845830 73.004 -38.9915
511.525890 73.099 -38.5105
515.232618 73.194 -38.0314
518.966206 73.290 -37.5558
522.726849 73.385 -37.0844
526.514743 73.481 -36.6141
530.330086 73.577 -36.1397
534.173076 73.673 -35.6623
538.043915 73.769 -35.1882
541.942803 73.865 -34.7215
545.869944 73.962 -34.2591
549.825542 74.059 -33.7948
553.809805 74.156 -33.3295
557.822939 74.252 -32.8689
561.865154 74.348 -32.4147
565.936660 74.444 -31.9638
570.037671 74.542 -31.5145
574.168399 74.639 -31.0663
578.329060 74.737 -30.6184
582.519870 74.834 -30.1700
586.741049 74.932 -29.7222
590.992817 75.029 -29.2768
595.275394 75.127 -28.8342
599.589005 75.225 -28.3953
603.933874 75.323 -27.9597
608.310228 75.422 -27.5246
612.718295 75.521 -27.0903
617.158304 75.621 -26.6587
621.630488 75.720 -26.2307
626.135079 75.820 -25.8054
630.672311 75.919 -25.3820
635.242423 76.019 -24.9584
639.845651 76.119 -24.5350
644.482237 76.219 -24.1133
649.152421 76.319 -23.6934
653.856447 76.419 -23.2751
658.594560 76.519 -22.8581
663.367008 76.620 -22.4442
668.174039 76.721 -22.0356
673.015903 76.821 -21.6310
677.892854 76.922 -21.2280
682.805145 77.024 -20.8252
687.753032 77.126 -20.4215
692.736774 77.228 -20.0179
697.756631 77.331 -19.6154
702.812863 77.434 -19.2157
707.905735 77.536 -18.8208
713.035511 77.639 -18.4287
718.202461 77.743 -18.0373
723.406852 77.846 -17.6478
728.648956 77.951 -17.2619
733.929047 78.056 -16.8797
739.247399 78.161 -16.5010
744.604290 78.266 -16.1247
750.000000 78.372 -15.7494
755.434809 78.479 -15.3752
760.909001 78.585 -15.0030
766.422861 78.692 -14.6352
771.976677 78.799 -14.2724
777.570739 78.906 -13.9126
783.205337 79.014 -13.5544
788.880766 79.122 -13.1983
794.597321 79.231 -12.8469
800.355301 79.340 -12.4997
806.155005 79.450 -12.1546
811.996736 79.560 -11.8124
817.880799 79.671 -11.4751
823.807501 79.782 -11.1434
829.777150 79.893 -10.8165
835.790057 80.005 -10.4928
841.846536 80.117 -10.1737
847.946903 80.230 -9.8604
854.091476 80.343 -9.5537
860.280575 80.457 -9.2546
866.514523 80.571 -8.9627
872.793644 80.685 -8.6766
879.118267 80.800 -8.3963
885.488720 80.915 -8.1226
891.905336 81.031 -7.8560
898.368450 81.147 -7.5970
904.878398 81.264 -7.3460
911.435520 81.380 -7.1034
918.040157 81.497 -6.8695
924.692655 81.614 -6.6439
931.393359 81.732 -6.4266
938.142619 81.849 -6.2184
944.940787 81.967 -6.0196
951.788218 82.085 -5.8305
958.685268 82.203 -5.6515
965.632296 82.320 -5.4836
972.629666 82.438 -5.3267
979.677741 82.555 -5.1788
986.776890 82.672 -5.0405
993.927482 82.789 -4.9156
1001.129891 82.905 -4.8038
1008.384491 83.021 -4.6999
1015.691660 83.135 -4.6006
1023.051781 83.250 -4.5079
1030.465236 83.366 -4.4276
1037.932411 83.483 -4.3648
1045.453698 83.599 -4.3214
1053.029486 83.714 -4.2956
1060.660172 83.828 -4.2826
1068.346153 83.941 -4.2770
1076.087829 84.052 -4.2752
1083.885605 84.162 -4.2764
1091.739887 84.269 -4.2806
1099.651084 84.374 -4.2903
1107.619609 84.477 -4.3108
1115.645878 84.578 -4.3461
1123.730308 84.677 -4.3937
1131.873321 84.776 -4.4472
1140.075341 84.872 -4.5046
1148.336797 84.967 -4.5683
1156.658119 85.060 -4.6386
1165.039741 85.152 -4.7144
1173.482099 85.242 -4.7952
1181.985634 85.330 -4.8798
1190.550789 85.416 -4.9676
1199.178011 85.501 -5.0583
1207.867749 85.584 -5.1514
1216.620457 85.665 -5.2468
1225.436590 85.745 -5.3443
1234.316609 85.823 -5.4433
1243.260976 85.899 -5.5431
1252.270157 85.974 -5.6431
1261.344623 86.047 -5.7429
1270.484846 86.119 -5.8422
1279.691303 86.189 -5.9407
1288.964474 86.258 -6.0383
1298.304842 86.325 -6.1348
1307.712894 86.392 -6.2294
1317.189120 86.456 -6.3215
1326.734016 86.520 -6.4113
1336.348077 86.582 -6.4987
1346.031806 86.644 -6.5830
1355.785708 86.704 -6.6635
1365.610290 86.763 -6.7407
1375.506065 86.821 -6.8154
1385.473549 86.878 -6.8873
1395.513261 86.935 -6.9553
1405.625726 86.991 -7.0191
1415.811469 87.046 -7.0790
1426.071023 87.101 -7.1354
1436.404921 87.155 -7.1883
1446.813703 87.208 -7.2374
1457.297912 87.261 -7.2828
1467.858093 87.314 -7.3250
1478.494798 87.367 -7.3637
1489.208581 87.419 -7.3988
1500.000000 87.472 -7.4307
1510.869618 87.525 -7.4601
1521.818002 87.578 -7.4871
1532.845723 87.632 -7.5124
1543.953355 87.686 -7.5372
1555.141477 87.741 -7.5626
1566.410674 87.797 -7.5896
1577.761531 87.853 -7.6196
1589.194642 87.910 -7.6538
1600.710601 87.967 -7.6935
1612.310010 88.025 -7.7398
1623.993473 88.084 -7.7939
1635.761599 88.142 -7.8566
1647.615002 88.202 -7.9283
1659.554299 88.261 -8.0092
1671.580114 88.320 -8.0987
1683.693072 88.379 -8.1968
1695.893807 88.438 -8.3039
1708.182952 88.497 -8.4203
1720.561150 88.556 -8.5464
1733.029045 88.615 -8.6826
1745.587288 88.674 -8.8298
1758.236533 88.733 -8.9892
1770.977440 88.791 -9.1614
1783.810673 88.850 -9.3471
1796.736900 88.908 -9.5471
1809.756796 88.966 -9.7624
1822.871040 89.023 -9.9939
1836.080315 89.080 -10.2423
1849.385310 89.137 -10.5083
1862.786718 89.192 -10.7925
1876.285239 89.247 -11.0961
1889.881575 89.301 -11.4204
1903.576436 89.353 -11.7659
1917.370535 89.404 -12.1336
1931.264593 89.453 -12.5246
1945.259332 89.501 -12.9395
1959.355483 89.546 -13.3789
1973.553781 89.589 -13.8432
1987.854965 89.629 -14.3335
2002.259781 89.665 -14.8499
2016.768981 89.699 -15.3923
2031.383320 89.729 -15.9608
2046.103561 89.754 -16.5552
2060.930471 89.775 -17.1748
2075.864823 89.791 -17.8189
2090.907395 89.802 -18.4869
2106.058972 89.807 -19.1777
2121.320344 89.807 -19.8904
2136.692305 89.800 -20.6239
2152.175658 89.786 -21.3773
2167.771210 89.764 -22.1482
2183.479774 89.735 -22.9342
2199.302169 89.698 -23.7319
2215.239219 89.651 -24.5375
2231.291755 89.596 -25.3466
2247.460615 89.532 -26.1552
2263.746641 89.458 -26.9595
2280.150683 89.375 -27.7553
2296.673595 89.283 -28.5379
2313.316238 89.181 -29.3024
2330.079481 89.070 -30.0447
2346.964198 88.949 -30.7604
2363.971268 88.820 -31.4454
2381.101578 88.683 -32.0959
2398.356022 88.537 -32.7086
2415.735498 88.384 -33.2801
2433.240913 88.223 -33.8073
2450.873180 88.054 -34.2879
2468.633217 87.879 -34.7189
2486.521951 87.697 -35.0972
2504.540314 87.509 -35.4195
2522.689246 87.315 -35.6815
2540.969692 87.116 -35.8791
2559.382606 86.912 -36.0083
2577.928947 86.704 -36.0660
2596.609683 86.493 -36.0500
2615.425787 86.280 -35.9582
2634.378241 86.065 -35.7891
2653.468031 85.849 -35.5412
2672.696154 85.634 -35.2129
2692.063613 85.420 -34.8028
2711.571415 85.208 -34.3094
2731.220579 85.001 -33.7318
2751.012130 84.799 -33.0725
2770.947098 84.606 -32.3394
2791.026522 84.421 -31.5457
2811.251451 84.247 -30.7071
2831.622938 84.081 -29.8374
2852.142045 83.925 -28.9479
2872.809842 83.775 -28.0478
2893.627406 83.631 -27.1372
2914.595823 83.490 -26.2061
2935.716186 83.353 -25.2452
2956.989596 83.221 -24.2558
2978.417161 83.096 -23.2464
3000.000000 82.978 -22.2240
3021.739237 82.870 -21.1899
3043.636005 82.771 -20.1448
3065.691446 82.679 -19.0949
3087.906710 82.594 -18.0474
3110.282955 82.516 -17.0066
3132.821347 82.444 -15.9758
3155.523062 82.379 -14.9586
3178.389283 82.319 -13.9579
3201.421202 82.265 -12.9759
3224.620020 82.216 -12.0140
3247.986946 82.171 -11.0737
3271.523198 82.130 -10.1569
3295.230004 82.092 -9.2648
3319.108599 82.058 -8.3977
3343.160228 82.026 -7.5557
3367.386145 81.996 -6.7380
3391.787613 81.969 -5.9439
3416.365904 81.943 -5.1734
3441.122300 81.918 -4.4266
3466.058091 81.895 -3.7016
3491.174576 81.873 -2.9968
3516.473066 81.851 -2.3114
3541.954880 81.830 -1.6454
3567.621345 81.810 -0.9983
3593.473800 81.791 -0.3701
3619.513592 81.772 0.2393
3645.742080 81.753 0.8310
3672.160630 81.735 1.4053
3698.770620 81.717 1.9614
3725.573436 81.699 2.4989
3752.570477 81.681 3.0175
3779.763150 81.664 3.5168
3807.152872 81.646 3.9958
3834.741071 81.628 4.4544
3862.529185 81.609 4.8932
3890.518664 81.590 5.3126
3918.710966 81.570 5.7118
3947.107561 81.549 6.0905
3975.709929 81.527 6.4489
4004.519563 81.504 6.7867
4033.537962 81.480 7.1034
4062.766641 81.454 7.3989
4092.207123 81.427 7.6729
4121.860942 81.399 7.9246
4151.729646 81.368 8.1530
4181.814790 81.335 8.3582
4212.117944 81.300 8.5400
4242.640687 81.262 8.6976
4273.384610 81.221 8.8310
4304.351317 81.176 8.9409
4335.542421 81.127 9.0275
4366.959549 81.074 9.0917
4398.604338 81.016 9.1344
4430.478438 80.952 9.1569
4462.583511 80.882 9.1619
4494.921231 80.806 9.1526
4527.493283 80.722 9.1315
4560.301365 80.630 9.1030
4593.347189 80.530 9.0737
4626.632476 80.421 9.0506
4660.158962 80.304 9.0406
4693.928395 80.177 9.0510
4727.942535 80.041 9.0907
4762.203156 79.897 9.1692
4796.712043 79.744 9.2959
4831.470996 79.584 9.4788
4866.481826 79.418 9.7252
4901.746360 79.248 10.0416
4937.266434 79.075 10.4337
4973.043902 78.901 10.9048
5009.080628 78.728 11.4551
5045.378492 78.556 12.0822
5081.939384 78.389 12.7815
5118.765212 78.229 13.5476
5155.857894 78.075 14.3726
5193.219366 77.930 15.2470
5230.851574 77.794 16.1606
5268.756481 77.668 17.1015
5306.936062 77.552 18.0572
5345.392309 77.446 19.0162
5384.127225 77.351 19.9685
5423.142830 77.264 20.9055
5462.441159 77.186 21.8198
5502.024259 77.115 22.7052
5541.894195 77.050 23.5554
5582.053045 76.990 24.3655
5622.502902 76.934 25.1342
5663.245876 76.880 25.8620
5704.284090 76.827 26.5511
5745.619684 76.774 27.2052
5787.254813 76.721 27.8270
5829.191647 76.665 28.4192
5871.432373 76.607 28.9874
5913.979192 76.545 29.5382
5956.834323 76.480 30.0783
6000.000000 76.411 30.6141
6043.478473 76.338 31.1509
6087.272010 76.262 31.6945
6131.382892 76.182 32.2500
6175.813420 76.101 32.8211
6220.565910 76.017 33.4101
6265.642695 75.933 34.0221
6311.046124 75.849 34.6620
6356.778566 75.766 35.3318
6402.842404 75.685 36.0324
6449.240040 75.606 36.7650
6495.973891 75.530 37.5319
6543.046396 75.458 38.3342
6590.460007 75.392 39.1714
6638.217197 75.332 40.0431
6686.320456 75.279 40.9491
6734.772290 75.234 41.8877
6783.575226 75.198 42.8575
6832.731809 75.172 43.8547
6882.244600 75.158 44.8740
6932.116181 75.157 45.9109
6982.349153 75.169 46.9593
7032.946133 75.196 48.0098
7083.909760 75.240 49.0523
7135.242690 75.301 50.0770
7186.947600 75.381 51.0736
7239.027185 75.481 52.0297
7291.484160 75.604 52.9319
7344.321260 75.751 53.7637
7397.541239 75.923 54.5034
7451.146872 76.123 55.1250
7505.140954 76.352 55.5952
7559.526299 76.611 55.8720
7614.305743 76.901 55.9037
7669.482141 77.219 55.6294
7725.058371 77.562 54.9816
7781.037328 77.920 53.8908
7837.421932 78.282 52.2925
7894.215122 78.632 50.1355
7951.419859 78.948 47.3955
8009.039125 79.208 44.0899
8067.075924 79.387 40.2890
8125.533282 79.464 36.1189
8184.414245 79.426 31.7516
8243.721885 79.267 27.3837
8303.459292 78.992 23.2125
8363.629581 78.614 19.4104
8424.235888 78.154 16.1060
8485.281374 77.636 13.3753
8546.769221 77.086 11.2401
8608.702634 76.524 9.6758
8671.084842 75.971 8.6263
8733.919097 75.440 8.0179
8797.208675 74.940 7.7689
8860.956876 74.475 7.7970
8925.167022 74.048 8.0290
8989.842461 73.657 8.4034
9054.986566 73.302 8.8689
9120.602731 72.979 9.3847
9186.694378 72.685 9.9166
9253.264952 72.418 10.4336
9320.317925 72.173 10.9122
9387.856790 71.947 11.3399
9455.885071 71.734 11.7138
9524.406312 71.532 12.0383
9593.424086 71.339 12.3222
9662.941992 71.152 12.5714
9732.963653 70.970 12.7851
9803.492719 70.791 12.9607
9874.532869 70.613 13.0997
9946.087805 70.436 13.2089
10018.161257 70.256 13.2991
10090.756983 70.074 13.3858
10163.878768 69.890 13.4847
10237.530423 69.706 13.6074
10311.715789 69.524 13.7611
10386.438732 69.345 13.9495
10461.703149 69.173 14.1738
10537.512962 69.007 14.4328
10613.872125 68.851 14.7216
10690.784618 68.705 15.0321
10768.254450 68.570 15.3533
10846.285661 68.446 15.6749
10924.882318 68.331 15.9860
11004.048518 68.225 16.2755
11083.788390 68.127 16.5395
11164.106090 68.034 16.7813
11245.005805 67.948 17.0063
11326.491752 67.867 17.2204
11408.568180 67.794 17.4310
11491.239368 67.731 17.6436
11574.509626 67.681 17.8553
11658.383294 67.647 18.0525
11742.864745 67.628 18.2185
11827.958384 67.624 18.3367
11913.668646 67.633 18.3951
12000.000000 67.652 18.3888
12086.956947 67.680 18.3177
12174.544019 67.716 18.1858
12262.765784 67.760 17.9980
12351.626840 67.811 17.7579
12441.131819 67.872 17.4668
12531.285389 67.944 17.1191
12622.092249 68.028 16.7020
12713.557132 68.122 16.2030
12805.684808 68.224 15.6135
12898.480079 68.330 14.9344
12991.947783 68.438 14.1814
13086.092792 68.548 13.3821
13180.920015 68.662 12.5650
13276.434395 68.783 11.7536
13372.640911 68.917 10.9594
13469.544580 69.069 10.1753
13567.150452 69.246 9.3788
13665.463617 69.449 8.5406
13764.489200 69.681 7.6352
13864.232362 69.942 6.6467
13964.698305 70.235 5.5648
14065.892266 70.563 4.3771
14167.819519 70.931 3.0622
14270.485380 71.347 1.5850
14373.895200 71.816 -0.1031
14478.054370 72.345 -2.0642
14582.968320 72.939 -4.3749
14688.642520 73.604 -7.1289
14795.082478 74.341 -10.4455
14902.293745 75.149 -14.4785
15010.281908 76.020 -19.4167
15119.052599 76.932 -25.4737
15228.611486 77.846 -32.8586
15338.964283 78.704 -41.7225
15450.116741 79.429 -52.0857
15562.074656 79.938 -63.7714
15674.843864 80.162 -76.3767
15788.430244 80.060 -89.3166
15902.839718 79.633 -101.9483
16018.078250 78.924 -113.7231
16134.151848 78.005 -124.2884
16251.066563 76.957 -133.5172
16368.828491 75.853 -141.4708
16487.443769 74.750 -148.3208
16606.918584 73.684 -154.2721
16727.259161 72.674 -159.5210
16848.471777 71.727 -164.2364
16970.562748 70.843 -168.5562
17093.538442 70.018 -172.5933
17217.405268 69.248 -176.4424
17342.169684 68.528 179.8192
17467.838194 67.851 176.1295
17594.417350 67.211 172.4412
17721.913751 66.602 168.7220
17850.334044 66.015 164.9524
17979.684923 65.443 161.1199
18109.973131 64.878 157.2239
18241.205462 64.315 153.2830
18373.388756 63.749 149.3268
18506.529905 63.178 145.3903
18640.635849 62.602 141.5089
18775.713581 62.020 137.7043
18911.770141 61.433 133.9852
19048.812624 60.841 130.3615
19186.848172 60.248 126.8447
19325.883983 59.657 123.4317
19465.927305 59.076 120.1058
19606.985439 58.517 116.8595
19749.065738 58.008 113.7434
19892.175609 57.606 110.9833
20036.322514 57.389 109.1691
