* Measurement data measured by REW V5.31.3
* Source: AUDIO [plughw:1,0], Headset (Headset), 0, volume: 0.791
* Format: 256k Log Swept Sine, 1 sweep at -12.0 dBFS with no timing reference
* Dated: 08 31, 26 11:30:22 AM
* REW Settings:
*  C-weighting compensation: Off
*  Target level: 75.0 dB
* Note: ; 
* Measurement: Samsung GB 3 FE Default L
* Smoothing: 1/24 octave
* Frequency Step: 96 ppo
* Start Frequency: 0.36621094 Hz
*
* Freq(Hz) SPL(dB) Phase(degrees)
0.366211 37.938 142.6942
0.368865 37.936 142.5806
0.371538 37.933 142.4142
0.374230 37.929 142.2224
0.376942 37.926 142.0173
0.379673 37.922 141.8034
0.382424 37.919 141.5819
0.385196 37.915 141.3531
0.387987 37.911 141.1170
0.390798 37.908 140.8735
0.393630 37.904 140.6224
0.396483 37.900 140.3635
0.399356 37.897 140.0967
0.402250 37.893 139.8217
0.405165 37.889 139.5385
0.408101 37.885 139.2467
0.411058 37.881 138.9462
0.414037 37.878 138.6368
0.417037 37.874 138.3183
0.420059 37.870 137.9905
0.423103 37.866 137.6532
0.426169 37.862 137.3061
0.429257 37.858 136.9491
0.432368 37.854 136.5819
0.435501 37.850 136.2043
0.438656 37.846 135.8161
0.441835 37.841 135.4169
0.445037 37.837 135.0067
0.448262 37.833 134.5850
0.451510 37.829 134.1518
0.454782 37.825 133.7067
0.458077 37.820 133.2495
0.461397 37.816 132.7799
0.464740 37.812 132.2977
0.468108 37.807 131.8025
0.471500 37.803 131.2943
0.474917 37.798 130.7726
0.478358 37.794 130.2372
0.481825 37.789 129.6879
0.485316 37.785 129.1244
0.488833 37.780 128.5465
0.492375 37.776 127.9539
0.495943 37.771 127.3463
0.499537 37.766 126.7235
0.503157 37.762 126.0853
0.506803 37.757 125.4314
0.510475 37.752 124.7617
0.514175 37.747 124.0758
0.517900 37.742 123.3737
0.521653 37.738 122.6551
0.525434 37.733 121.9199
0.529241 37.728 121.1678
0.533076 37.723 120.3989
0.536939 37.718 119.6129
0.540830 37.713 118.8097
0.544749 37.708 117.9894
0.548696 37.702 117.1519
0.552673 37.697 116.2971
0.556677 37.692 115.4251
0.560711 37.687 114.5359
0.564774 37.681 113.6297
0.568867 37.676 112.7065
0.572989 37.671 111.7666
0.577141 37.665 110.8101
0.581324 37.660 109.8373
0.585536 37.654 108.8485
0.589779 37.649 107.8440
0.594053 37.643 106.8243
0.598358 37.638 105.7896
0.602694 37.632 104.7407
0.607061 37.626 103.6778
0.611460 37.621 102.6017
0.615891 37.615 101.5130
0.620354 37.609 100.4122
0.624849 37.603 99.3002
0.629377 37.597 98.1777
0.633938 37.592 97.0454
0.638532 37.586 95.9042
0.643159 37.580 94.7549
0.647819 37.573 93.5985
0.652514 37.567 92.4357
0.657242 37.561 91.2677
0.662005 37.555 90.0952
0.666802 37.549 88.9192
0.671634 37.542 87.7408
0.676501 37.536 86.5608
0.681403 37.530 85.3802
0.686341 37.523 84.2000
0.691314 37.517 83.0211
0.696324 37.510 81.8444
0.701370 37.504 80.6708
0.706452 37.497 79.5011
0.711571 37.491 78.3363
0.716728 37.485 77.1769
0.721921 37.481 76.0237
0.727153 37.483 74.8770
0.732422 37.498 73.7369
0.737729 37.533 72.6029
0.743075 37.584 71.4745
0.748460 37.644 70.3519
0.753883 37.709 69.2358
0.759346 37.779 68.1270
0.764849 37.854 67.0265
0.770391 37.932 65.9350
0.775974 38.015 64.8533
0.781597 38.101 63.7824
0.787261 38.192 62.7227
0.792966 38.286 61.6751
0.798712 38.385 60.6400
0.804500 38.487 59.6182
0.810329 38.593 58.6101
0.816201 38.702 57.6162
0.822116 38.816 56.6368
0.828073 38.933 55.6724
0.834074 39.054 54.7232
0.840118 39.178 53.7896
0.846206 39.306 52.8717
0.852338 39.437 51.9697
0.858514 39.571 51.0838
0.864735 39.709 50.2140
0.871001 39.849 49.3604
0.877313 39.993 48.5231
0.883670 40.140 47.7019
0.890074 40.289 46.8969
0.896524 40.441 46.1081
0.903020 40.596 45.3352
0.909564 40.753 44.5782
0.916155 40.912 43.8370
0.922794 41.074 43.1114
0.929481 41.237 42.4012
0.936216 41.402 41.7063
0.943000 41.569 41.0264
0.949834 41.738 40.3613
0.956717 41.908 39.7108
0.963649 42.079 39.0747
0.970632 42.251 38.4527
0.977666 42.423 37.8446
0.984750 42.597 37.2501
0.991886 42.770 36.6690
0.999074 42.944 36.1011
1.006314 43.117 35.5459
1.013606 43.290 35.0034
1.020951 43.462 34.4732
1.028349 43.633 33.9551
1.035801 43.803 33.4489
1.043307 43.971 32.9542
1.050867 44.138 32.4708
1.058482 44.302 31.9985
1.066152 44.464 31.5371
1.073878 44.623 31.0861
1.081660 44.778 30.6455
1.089498 44.931 30.2149
1.097393 45.080 29.7937
1.105345 45.228 29.3814
1.113355 45.374 28.9771
1.121423 45.520 28.5805
1.129549 45.666 28.1912
1.137734 45.811 27.8090
1.145979 45.957 27.4335
1.154283 46.103 27.0648
1.162647 46.248 26.7026
1.171072 46.394 26.3467
1.179558 46.539 25.9971
1.188106 46.685 25.6536
1.196715 46.830 25.3161
1.205387 46.975 24.9845
1.214122 47.121 24.6586
1.222920 47.266 24.3385
1.231782 47.412 24.0240
1.240708 47.557 23.7150
1.249699 47.702 23.4115
1.258754 47.848 23.1134
1.267876 47.993 22.8207
1.277063 48.139 22.5332
1.286318 48.285 22.2511
1.295639 48.430 21.9741
1.305027 48.576 21.7023
1.314484 48.722 21.4357
1.324009 48.868 21.1742
1.333604 49.014 20.9179
1.343268 49.160 20.6666
1.353002 49.307 20.4203
1.362806 49.454 20.1792
1.372681 49.600 19.9431
1.382628 49.747 19.7120
1.392647 49.895 19.4859
1.402739 50.042 19.2649
1.412904 50.190 19.0490
1.423142 50.338 18.8381
1.433455 50.487 18.6322
1.443843 50.635 18.4314
1.454305 50.785 18.2359
1.464844 50.934 18.0459
1.475459 51.083 17.8620
1.486150 51.232 17.6844
1.496920 51.381 17.5130
1.507767 51.529 17.3476
1.518693 51.676 17.1877
1.529698 51.824 17.0330
1.540783 51.971 16.8829
1.551948 52.117 16.7371
1.563194 52.264 16.5952
1.574521 52.410 16.4568
1.585931 52.556 16.3214
1.597423 52.701 16.1888
1.608999 52.847 16.0586
1.620658 52.992 15.9304
1.632402 53.137 15.8040
1.644232 53.283 15.6789
1.656146 53.428 15.5548
1.668147 53.573 15.4316
1.680235 53.719 15.3088
1.692411 53.864 15.1861
1.704675 54.010 15.0634
1.717028 54.156 14.9404
1.729470 54.303 14.8167
1.742003 54.450 14.6922
1.754626 54.597 14.5666
1.767341 54.745 14.4397
1.780147 54.894 14.3113
1.793047 55.044 14.1812
1.806040 55.194 14.0495
1.819128 55.345 13.9165
1.832310 55.497 13.7832
1.845587 55.649 13.6515
1.858961 55.801 13.5231
1.872432 55.954 13.3984
1.886001 56.106 13.2772
1.899667 56.259 13.1590
1.913433 56.412 13.0432
1.927299 56.565 12.9293
1.941265 56.718 12.8165
1.955332 56.872 12.7044
1.969501 57.025 12.5923
1.983773 57.179 12.4797
1.998148 57.333 12.3660
2.012627 57.486 12.2508
2.027212 57.641 12.1335
2.041902 57.795 12.0136
2.056698 57.950 11.8906
2.071602 58.104 11.7641
2.086614 58.260 11.6336
2.101734 58.415 11.4987
2.116964 58.571 11.3590
2.132304 58.727 11.2140
2.147756 58.883 11.0635
2.163320 59.040 10.9072
2.178996 59.197 10.7453
2.194786 59.354 10.5787
2.210690 59.512 10.4096
2.226710 59.670 10.2402
2.242845 59.828 10.0716
2.259098 59.986 9.9038
2.275468 60.145 9.7364
2.291957 60.303 9.5688
2.308566 60.462 9.4004
2.325295 60.620 9.2305
2.342145 60.779 9.0585
2.359117 60.938 8.8839
2.376212 61.097 8.7060
2.393431 61.256 8.5243
2.410775 61.415 8.3382
2.428244 61.574 8.1472
2.445840 61.733 7.9506
2.463564 61.891 7.7481
2.481416 62.050 7.5391
2.499397 62.209 7.3231
2.517509 62.368 7.0997
2.535752 62.526 6.8688
2.554127 62.685 6.6307
2.572635 62.843 6.3867
2.591277 63.001 6.1387
2.610055 63.159 5.8882
2.628968 63.317 5.6355
2.648019 63.474 5.3806
2.667208 63.631 5.1233
2.686535 63.788 4.8633
2.706003 63.945 4.6003
2.725612 64.101 4.3339
2.745363 64.257 4.0637
2.765257 64.413 3.7896
2.785295 64.568 3.5110
2.805478 64.723 3.2277
2.825808 64.878 2.9393
2.846285 65.032 2.6454
2.866910 65.186 2.3457
2.887685 65.339 2.0399
2.908611 65.492 1.7278
2.929688 65.644 1.4095
2.950917 65.796 1.0856
2.972301 65.947 0.7570
2.993839 66.097 0.4241
3.015534 66.247 0.0875
3.037386 66.396 -0.2527
3.059396 66.544 -0.5962
3.081565 66.692 -0.9428
3.103896 66.839 -1.2925
3.126388 66.985 -1.6451
3.149043 67.130 -2.0005
3.171862 67.275 -2.3587
3.194847 67.419 -2.7196
3.217998 67.563 -3.0832
3.241317 67.706 -3.4496
3.264805 67.848 -3.8189
3.288463 67.989 -4.1914
3.312293 68.130 -4.5676
3.336295 68.269 -4.9480
3.360471 68.408 -5.3325
3.384822 68.545 -5.7206
3.409350 68.682 -6.1120
3.434056 68.817 -6.5058
3.458940 68.952 -6.9017
3.484005 69.085 -7.2990
3.509252 69.218 -7.6972
3.534681 69.350 -8.0958
3.560295 69.481 -8.4944
3.586094 69.611 -8.8926
3.612081 69.741 -9.2901
3.638255 69.870 -9.6870
3.664620 69.998 -10.0838
3.691175 70.125 -10.4818
3.717923 70.251 -10.8819
3.744864 70.375 -11.2843
3.772001 70.499 -11.6883
3.799335 70.621 -12.0933
3.826866 70.743 -12.4987
3.854597 70.863 -12.9034
3.882529 70.982 -13.3069
3.910664 71.101 -13.7084
3.939002 71.219 -14.1071
3.967546 71.337 -14.5024
3.996296 71.454 -14.8941
4.025255 71.570 -15.2823
4.054423 71.686 -15.6681
4.083804 71.800 -16.0527
4.113396 71.914 -16.4366
4.143204 72.026 -16.8196
4.173227 72.138 -17.2012
4.203468 72.248 -17.5808
4.233928 72.358 -17.9580
4.264609 72.468 -18.3320
4.295512 72.577 -18.7022
4.326639 72.685 -19.0682
4.357992 72.794 -19.4294
4.389572 72.902 -19.7857
4.421380 73.010 -20.1377
4.453419 73.117 -20.4861
4.485691 73.224 -20.8314
4.518196 73.330 -21.1736
4.550936 73.436 -21.5128
4.583914 73.541 -21.8489
4.617131 73.646 -22.1819
4.650589 73.751 -22.5115
4.684289 73.856 -22.8376
4.718233 73.961 -23.1601
4.752424 74.066 -23.4788
4.786862 74.171 -23.7934
4.821549 74.277 -24.1040
4.856488 74.382 -24.4109
4.891680 74.487 -24.7145
4.927127 74.592 -25.0153
4.962831 74.698 -25.3137
4.998794 74.803 -25.6104
5.035017 74.909 -25.9057
5.071503 75.015 -26.2000
5.108253 75.121 -26.4933
5.145270 75.228 -26.7852
5.182555 75.335 -27.0753
5.220110 75.443 -27.3632
5.257937 75.550 -27.6496
5.296038 75.659 -27.9349
5.334415 75.767 -28.2200
5.373071 75.875 -28.5057
5.412006 75.984 -28.7928
5.451224 76.094 -29.0817
5.490725 76.203 -29.3725
5.530514 76.313 -29.6647
5.570590 76.424 -29.9578
5.610957 76.535 -30.2516
5.651616 76.646 -30.5465
5.692570 76.757 -30.8431
5.733821 76.868 -31.1421
5.775370 76.980 -31.4440
5.817221 77.091 -31.7492
5.859375 77.203 -32.0580
5.901834 77.315 -32.3701
5.944602 77.427 -32.6850
5.987679 77.539 -33.0026
6.031068 77.652 -33.3230
6.074771 77.764 -33.6462
6.118792 77.876 -33.9726
6.163131 77.988 -34.3023
6.207792 78.100 -34.6355
6.252776 78.212 -34.9722
6.298086 78.324 -35.3123
6.343725 78.435 -35.6556
6.389694 78.547 -36.0020
6.435996 78.658 -36.3512
6.482634 78.769 -36.7033
6.529610 78.880 -37.0580
6.576926 78.991 -37.4154
6.624585 79.101 -37.7755
6.672590 79.211 -38.1383
6.720942 79.321 -38.5038
6.769645 79.431 -38.8718
6.818700 79.540 -39.2424
6.868111 79.650 -39.6153
6.917881 79.759 -39.9906
6.968010 79.868 -40.3681
7.018504 79.977 -40.7478
7.069362 80.086 -41.1297
7.120590 80.194 -41.5140
7.172189 80.303 -41.9008
7.224161 80.411 -42.2903
7.276511 80.520 -42.6828
7.329239 80.628 -43.0781
7.382350 80.736 -43.4760
7.435845 80.844 -43.8766
7.489729 80.953 -44.2801
7.544002 81.061 -44.6870
7.598669 81.169 -45.0976
7.653732 81.277 -45.5124
7.709194 81.385 -45.9315
7.765058 81.493 -46.3545
7.821327 81.601 -46.7815
7.878004 81.708 -47.2128
7.935091 81.816 -47.6488
7.992592 81.924 -48.0901
8.050510 82.031 -48.5369
8.108847 82.138 -48.9893
8.167607 82.246 -49.4470
8.226793 82.352 -49.9101
8.286408 82.459 -50.3788
8.346454 82.565 -50.8534
8.406936 82.671 -51.3342
8.467856 82.777 -51.8212
8.529218 82.882 -52.3144
8.591024 82.987 -52.8138
8.653278 83.091 -53.3191
8.715983 83.195 -53.8303
8.779143 83.298 -54.3477
8.842760 83.400 -54.8712
8.906839 83.502 -55.4009
8.971381 83.603 -55.9367
9.036392 83.703 -56.4782
9.101873 83.803 -57.0254
9.167829 83.902 -57.5781
9.234263 84.000 -58.1367
9.301178 84.098 -58.7010
9.368578 84.194 -59.2709
9.436467 84.290 -59.8461
9.504847 84.385 -60.4265
9.573723 84.479 -61.0122
9.643099 84.572 -61.6033
9.712976 84.664 -62.1999
9.783361 84.755 -62.8016
9.854255 84.845 -63.4083
9.925663 84.934 -64.0201
9.997588 85.022 -64.6373
10.070035 85.109 -65.2597
10.143007 85.196 -65.8872
10.216507 85.280 -66.5196
10.290540 85.364 -67.1569
10.365109 85.447 -67.7995
10.440219 85.528 -68.4472
10.515873 85.608 -69.0996
10.592076 85.687 -69.7564
10.668830 85.764 -70.4176
10.746141 85.840 -71.0837
10.824012 85.915 -71.7542
10.902447 85.988 -72.4284
10.981451 86.059 -73.1059
11.061027 86.129 -73.7869
11.141180 86.197 -74.4715
11.221913 86.264 -75.1591
11.303232 86.328 -75.8487
11.385140 86.391 -76.5400
11.467641 86.453 -77.2333
11.550741 86.512 -77.9283
11.634442 86.570 -78.6240
11.718750 86.626 -79.3198
11.803669 86.680 -80.0155
11.889203 86.732 -80.7113
11.975357 86.783 -81.4065
12.062136 86.832 -82.1002
12.149543 86.878 -82.7921
12.237583 86.924 -83.4824
12.326262 86.967 -84.1707
12.415583 87.009 -84.8563
12.505552 87.049 -85.5388
12.596172 87.087 -86.2184
12.687449 87.123 -86.8948
12.779387 87.158 -87.5675
12.871992 87.192 -88.2362
12.965268 87.224 -88.9010
13.059220 87.254 -89.5618
13.153852 87.283 -90.2181
13.249170 87.310 -90.8698
13.345179 87.336 -91.5170
13.441884 87.360 -92.1595
13.539289 87.383 -92.7971
13.637401 87.404 -93.4295
13.736223 87.424 -94.0569
13.835761 87.443 -94.6791
13.936021 87.460 -95.2957
14.037007 87.476 -95.9069
14.138725 87.490 -96.5124
14.241180 87.503 -97.1120
14.344377 87.515 -97.7054
14.448323 87.526 -98.2927
14.553021 87.535 -98.8735
14.658478 87.543 -99.4475
14.764700 87.550 -100.0145
14.871691 87.555 -100.5745
14.979457 87.559 -101.1271
15.088005 87.563 -101.6720
15.197339 87.565 -102.2092
15.307465 87.566 -102.7385
15.418389 87.566 -103.2598
15.530117 87.565 -103.7730
15.642655 87.563 -104.2781
15.756008 87.561 -104.7754
15.870182 87.558 -105.2648
15.985184 87.554 -105.7466
16.101019 87.550 -106.2211
16.217694 87.545 -106.6885
16.335214 87.539 -107.1491
16.453586 87.533 -107.6032
16.572815 87.527 -108.0511
16.692909 87.520 -108.4929
16.813872 87.512 -108.9289
16.935713 87.504 -109.3590
17.058436 87.495 -109.7832
17.182048 87.485 -110.2013
17.306556 87.475 -110.6132
17.431967 87.464 -111.0186
17.558286 87.452 -111.4172
17.685521 87.440 -111.8085
17.813677 87.427 -112.1924
17.942762 87.414 -112.5687
18.072783 87.401 -112.9373
18.203746 87.387 -113.2982
18.335658 87.373 -113.6517
18.468526 87.358 -113.9981
18.602356 87.344 -114.3379
18.737156 87.330 -114.6718
18.872934 87.315 -115.0003
19.009695 87.301 -115.3239
19.147447 87.286 -115.6435
19.286197 87.272 -115.9591
19.425953 87.257 -116.2713
19.566721 87.242 -116.5799
19.708510 87.226 -116.8848
19.851326 87.210 -117.1856
19.995177 87.194 -117.4818
20.140070 87.177 -117.7730
20.286013 87.159 -118.0585
20.433014 87.142 -118.3379
20.581080 87.123 -118.6110
20.730219 87.105 -118.8777
20.880439 87.087 -119.1384
21.031747 87.068 -119.3935
21.184152 87.050 -119.6437
21.337661 87.031 -119.8900
21.492282 87.013 -120.1331
21.648024 86.995 -120.3737
21.804895 86.976 -120.6122
21.962902 86.957 -120.8488
22.122054 86.938 -121.0833
22.282360 86.918 -121.3149
22.443827 86.897 -121.5427
22.606464 86.876 -121.7657
22.770280 86.853 -121.9827
22.935283 86.831 -122.1930
23.101481 86.807 -122.3960
23.268884 86.784 -122.5917
23.437500 86.761 -122.7807
23.607338 86.738 -122.9639
23.778406 86.715 -123.1429
23.950714 86.692 -123.3191
24.124271 86.670 -123.4940
24.299086 86.647 -123.6684
24.475167 86.624 -123.8429
24.652524 86.601 -124.0169
24.831166 86.577 -124.1896
25.011103 86.551 -124.3594
25.192344 86.525 -124.5244
25.374898 86.498 -124.6832
25.558775 86.470 -124.8345
25.743984 86.443 -124.9782
25.930536 86.415 -125.1149
26.118439 86.388 -125.2462
26.307704 86.361 -125.3742
26.498341 86.334 -125.5014
26.690359 86.308 -125.6296
26.883768 86.281 -125.7603
27.078579 86.254 -125.8933
27.274801 86.225 -126.0275
27.472446 86.195 -126.1607
27.671522 86.164 -126.2899
27.872042 86.132 -126.4123
28.074014 86.098 -126.5257
28.277450 86.064 -126.6291
28.482360 86.030 -126.7229
28.688755 85.996 -126.8088
28.896645 85.963 -126.8895
29.106042 85.930 -126.9680
29.316957 85.897 -127.0464
29.529400 85.864 -127.1262
29.743382 85.830 -127.2071
29.958915 85.796 -127.2876
30.176009 85.760 -127.3653
30.394677 85.723 -127.4377
30.614929 85.685 -127.5027
30.836778 85.646 -127.5592
31.060234 85.607 -127.6075
31.285309 85.568 -127.6488
31.512015 85.529 -127.6850
31.740364 85.490 -127.7178
31.970368 85.451 -127.7483
32.202039 85.412 -127.7768
32.435388 85.372 -127.8031
32.670428 85.331 -127.8262
32.907171 85.289 -127.8456
33.145630 85.247 -127.8610
33.385817 85.204 -127.8724
33.627745 85.161 -127.8802
33.871425 85.117 -127.8842
34.116871 85.072 -127.8837
34.364096 85.025 -127.8776
34.613113 84.978 -127.8639
34.863934 84.930 -127.8413
35.116572 84.882 -127.8094
35.371041 84.833 -127.7693
35.627354 84.785 -127.7233
35.885525 84.737 -127.6741
36.145566 84.688 -127.6238
36.407492 84.639 -127.5727
36.671316 84.588 -127.5188
36.937051 84.536 -127.4581
37.204712 84.482 -127.3862
37.474313 84.427 -127.3001
37.745867 84.372 -127.1991
38.019389 84.318 -127.0858
38.294893 84.265 -126.9655
38.572394 84.213 -126.8436
38.851905 84.161 -126.7239
39.133442 84.109 -126.6071
39.417019 84.055 -126.4902
39.702651 83.999 -126.3683
39.990353 83.941 -126.2361
40.280140 83.882 -126.0903
40.572026 83.823 -125.9308
40.866028 83.764 -125.7603
41.162160 83.706 -125.5829
41.460438 83.647 -125.4017
41.760877 83.588 -125.2178
42.063494 83.528 -125.0294
42.368303 83.467 -124.8331
42.675322 83.405 -124.6260
42.984565 83.343 -124.4066
43.296048 83.280 -124.1759
43.609789 83.218 -123.9371
43.925804 83.157 -123.6936
44.244108 83.095 -123.4482
44.564719 83.033 -123.2008
44.887654 82.969 -122.9488
45.212928 82.905 -122.6883
45.540560 82.839 -122.4149
45.870565 82.773 -122.1261
46.202962 82.708 -121.8223
46.537768 82.643 -121.5065
46.875000 82.580 -121.1837
47.214676 82.518 -120.8584
47.556813 82.456 -120.5331
47.901429 82.393 -120.2073
48.248542 82.330 -119.8778
48.598171 82.266 -119.5405
48.950334 82.202 -119.1922
49.305048 82.137 -118.8311
49.662333 82.073 -118.4579
50.022206 82.009 -118.0742
50.384688 81.945 -117.6819
50.749796 81.883 -117.2822
51.117550 81.820 -116.8754
51.487969 81.757 -116.4608
51.861072 81.695 -116.0376
52.236879 81.633 -115.6058
52.615409 81.572 -115.1669
52.996681 81.511 -114.7233
53.380717 81.451 -114.2770
53.767536 81.390 -113.8286
54.157158 81.328 -113.3757
54.549603 81.266 -112.9143
54.944892 81.202 -112.4402
55.343045 81.138 -111.9514
55.744084 81.075 -111.4483
56.148028 81.013 -110.9339
56.554900 80.952 -110.4126
56.964720 80.892 -109.8895
57.377510 80.833 -109.3687
57.793291 80.774 -108.8517
58.212085 80.713 -108.3357
58.633914 80.651 -107.8146
59.058799 80.588 -107.2819
59.486764 80.525 -106.7353
59.917829 80.462 -106.1777
60.352019 80.401 -105.6148
60.789354 80.340 -105.0500
61.229859 80.279 -104.4829
61.673556 80.218 -103.9108
62.120468 80.157 -103.3330
62.570618 80.097 -102.7512
63.024031 80.036 -102.1668
63.480729 79.975 -101.5784
63.940736 79.914 -100.9828
64.404077 79.853 -100.3788
64.870776 79.793 -99.7686
65.340856 79.732 -99.1544
65.814343 79.671 -98.5350
66.291261 79.610 -97.9069
66.771635 79.548 -97.2692
67.255489 79.487 -96.6256
67.742850 79.427 -95.9786
68.233743 79.365 -95.3246
68.728193 79.303 -94.6570
69.226226 79.242 -93.9771
69.727867 79.184 -93.2978
70.233144 79.125 -92.6310
70.742083 79.065 -91.9739
71.254709 79.001 -91.3088
71.771050 78.935 -90.6215
72.291132 78.870 -89.9141
72.814984 78.806 -89.1974
73.342631 78.742 -88.4738
73.874102 78.678 -87.7362
74.409424 78.615 -86.9832
74.948626 78.553 -86.2273
75.491734 78.493 -85.4813
76.038779 78.430 -84.7411
76.589787 78.365 -83.9895
77.144788 78.300 -83.2179
77.703811 78.235 -82.4337
78.266885 78.170 -81.6471
78.834039 78.104 -80.8571
79.405303 78.037 -80.0560
79.980706 77.969 -79.2407
80.560280 77.902 -78.4144
81.144053 77.835 -77.5794
81.732056 77.768 -76.7354
82.324320 77.703 -75.8852
82.920876 77.637 -75.0337
83.521755 77.571 -74.1804
84.126988 77.505 -73.3179
84.736607 77.438 -72.4391
85.350643 77.371 -71.5430
85.969129 77.306 -70.6323
86.592097 77.243 -69.7119
87.219579 77.180 -68.7878
87.851608 77.118 -67.8621
88.488217 77.055 -66.9305
89.129439 76.991 -65.9889
89.775308 76.927 -65.0382
90.425856 76.862 -64.0801
91.081119 76.796 -63.1137
91.741131 76.729 -62.1344
92.405925 76.661 -61.1341
93.075536 76.594 -60.1067
93.750000 76.531 -59.0635
94.429351 76.471 -58.0294
95.113625 76.413 -57.0156
95.802858 76.353 -56.0108
96.497085 76.292 -55.0015
97.196342 76.229 -53.9807
97.900667 76.166 -52.9396
98.610096 76.103 -51.8731
99.324665 76.042 -50.7900
100.044413 75.983 -49.7020
100.769376 75.924 -48.6104
101.499592 75.865 -47.5116
102.235100 75.805 -46.4039
102.975938 75.746 -45.2868
103.722144 75.687 -44.1597
104.473757 75.628 -43.0226
105.230817 75.570 -41.8750
105.993363 75.512 -40.7172
106.761435 75.454 -39.5522
107.535072 75.398 -38.3849
108.314315 75.342 -37.2164
109.099206 75.285 -36.0442
109.889783 75.229 -34.8676
110.686090 75.172 -33.6868
111.488167 75.116 -32.4984
112.296056 75.059 -31.2971
113.109800 75.002 -30.0812
113.929440 74.947 -28.8529
114.755020 74.892 -27.6169
115.586582 74.836 -26.3731
116.424170 74.780 -25.1092
117.267827 74.724 -23.8193
118.117598 74.670 -22.5150
118.973527 74.620 -21.2074
119.835658 74.572 -19.9116
120.704037 74.525 -18.6539
121.578708 74.474 -17.4308
122.459718 74.419 -16.2029
123.347111 74.362 -14.9462
124.240935 74.305 -13.6641
125.141236 74.250 -12.3649
126.048061 74.197 -11.0549
126.961458 74.145 -9.7378
127.881473 74.093 -8.4115
128.808154 74.039 -7.0688
129.741551 73.985 -5.7055
130.681712 73.931 -4.3255
131.628686 73.877 -2.9323
132.582521 73.823 -1.5255
133.543269 73.772 -0.1067
134.510979 73.723 1.3049
135.485701 73.674 2.6835
136.467486 73.620 4.0501
137.456386 73.561 5.4515
138.452451 73.503 6.8954
139.455735 73.448 8.3584
140.466288 73.396 9.8128
141.484165 73.344 11.2492
142.509418 73.291 12.6818
143.542100 73.238 14.1280
144.582265 73.186 15.5954
145.629968 73.134 17.0842
146.685262 73.084 18.5964
147.748204 73.034 20.1299
148.818849 72.985 21.6749
149.897251 72.933 23.2255
150.983469 72.881 24.7852
152.077557 72.829 26.3505
153.179574 72.778 27.9039
154.289576 72.727 29.4559
155.407622 72.675 31.0412
156.533770 72.628 32.6600
157.668078 72.584 34.2829
158.810606 72.539 35.8930
159.961413 72.491 37.4928
161.120559 72.441 39.0894
162.288105 72.387 40.6841
163.464112 72.334 42.2763
164.648640 72.280 43.8648
165.841752 72.225 45.4588
167.043510 72.168 47.0738
168.253976 72.112 48.7212
169.473213 72.060 50.3917
170.701286 72.012 52.0473
171.938258 71.966 53.6713
173.184194 71.915 55.2851
174.439158 71.854 56.9536
175.703216 71.782 58.7675
176.976434 71.707 60.7372
178.258878 71.635 62.7772
179.550615 71.566 64.8129
180.851713 71.505 66.7840
182.162239 71.450 68.6239
183.482262 71.391 70.3607
184.811850 71.322 72.1512
186.151073 71.249 74.1448
187.500000 71.182 76.3204
188.858702 71.123 78.5738
190.227250 71.068 80.8302
191.605715 71.016 83.1004
192.994169 70.974 85.3886
194.392685 70.949 87.6727
195.801334 70.938 89.9271
197.220191 70.934 92.1434
198.649330 70.932 94.3227
200.088825 70.929 96.4575
201.538751 70.922 98.5395
202.999184 70.914 100.5881
204.470200 70.906 102.6440
205.951875 70.902 104.7166
207.444287 70.899 106.8019
208.947514 70.896 108.9095
210.461634 70.893 111.0444
211.986726 70.890 113.1922
213.522869 70.886 115.3387
215.070144 70.878 117.4822
216.628631 70.866 119.6366
218.198411 70.853 121.8088
219.779567 70.844 123.9816
221.372180 70.839 126.1480
222.976334 70.840 128.3361
224.592112 70.845 130.5651
226.219600 70.856 132.8240
227.858880 70.872 135.0863
229.510039 70.890 137.3315
231.173164 70.908 139.5707
232.848340 70.924 141.8289
234.535655 70.940 144.1105
236.235197 70.956 146.3792
237.947054 70.973 148.5776
239.671317 70.989 150.7162
241.408074 71.009 152.8556
243.157416 71.036 155.0139
244.919435 71.070 157.1778
246.694223 71.104 159.3327
248.481871 71.134 161.4812
250.282473 71.159 163.6308
252.096123 71.182 165.7839
253.922915 71.206 167.9408
255.762945 71.230 170.0918
257.616309 71.255 172.2390
259.483103 71.278 174.3946
261.363424 71.300 176.5611
263.257372 71.321 178.7373
265.165043 71.342 -179.0781
267.086538 71.364 -176.8894
269.021957 71.386 -174.6938
270.971401 71.410 -172.4926
272.934972 71.432 -170.2886
274.912771 71.451 -168.0704
276.904902 71.467 -165.8287
278.911469 71.482 -163.5685
280.932577 71.499 -161.3088
282.968330 71.517 -159.0551
285.018835 71.537 -156.7942
287.084199 71.558 -154.5165
289.164530 71.582 -152.2252
291.259935 71.604 -149.9293
293.370525 71.624 -147.6315
295.496408 71.642 -145.3258
297.637697 71.660 -143.0101
299.794503 71.679 -140.6905
301.966937 71.699 -138.3746
304.155114 71.721 -136.0515
306.359147 71.745 -133.7093
308.579152 71.771 -131.3563
310.815244 71.799 -128.9968
313.067539 71.828 -126.6287
315.336156 71.856 -124.2476
317.621211 71.884 -121.8577
319.922826 71.913 -119.4672
322.241118 71.940 -117.0726
324.576210 71.967 -114.6656
326.928223 71.994 -112.2443
329.297280 72.022 -109.8137
331.683504 72.050 -107.3834
334.087019 72.080 -104.9595
336.507952 72.110 -102.5327
338.946427 72.142 -100.0910
341.402572 72.174 -97.6320
343.876516 72.207 -95.1593
346.368387 72.242 -92.6752
348.878315 72.277 -90.1808
351.406431 72.314 -87.6852
353.952867 72.349 -85.1951
356.517756 72.383 -82.7055
359.101230 72.417 -80.2052
361.703426 72.452 -77.6906
364.324478 72.488 -75.1660
366.964523 72.525 -72.6359
369.623699 72.562 -70.0976
372.302145 72.600 -67.5486
375.000000 72.639 -64.9915
377.717405 72.679 -62.4287
380.454501 72.720 -59.8609
383.211431 72.762 -57.2877
385.988339 72.803 -54.7120
388.785369 72.846 -52.1336
391.602668 72.889 -49.5469
394.440383 72.934 -46.9476
397.298660 72.980 -44.3358
400.177650 73.026 -41.7157
403.077502 73.074 -39.0907
405.998368 73.121 -36.4628
408.940400 73.170 -33.8338
411.903750 73.218 -31.2036
414.888575 73.267 -28.5709
417.895028 73.317 -25.9331
420.923268 73.367 -23.2866
423.973452 73.418 -20.6333
427.045738 73.470 -17.9789
430.140287 73.522 -15.3246
433.257261 73.574 -12.6675
436.396822 73.627 -10.0042
439.559133 73.681 -7.3318
442.744360 73.735 -4.6498
445.952668 73.789 -1.9617
449.184225 73.844 0.7297
452.439199 73.899 3.4249
455.717760 73.954 6.1256
459.020079 74.011 8.8318
462.346327 74.068 11.5400
465.696680 74.125 14.2499
469.071310 74.183 16.9644
472.470394 74.241 19.6855
475.894109 74.300 22.4137
479.342634 74.359 25.1466
482.816148 74.419 27.8816
486.314833 74.479 30.6182
489.838871 74.539 33.3585
493.388445 74.599 36.1062
496.963741 74.660 38.8613
500.564945 74.720 41.6212
504.192245 74.781 44.3846
507.845830 74.842 47.1515
511.525890 74.904 49.9218
515.232618 74.967 52.6972
518.966206 75.030 55.4790
522.726849 75.093 58.2654
526.514743 75.157 61.0572
530.330086 75.221 63.8557
534.173076 75.285 66.6589
538.043915 75.350 69.4639
541.942803 75.414 72.2708
545.869944 75.480 75.0819
549.825542 75.545 77.8994
553.809805 75.612 80.7233
557.822939 75.679 83.5504
561.865154 75.746 86.3798
565.936660 75.813 89.2126
570.037671 75.880 92.0517
574.168399 75.947 94.8983
578.329060 76.014 97.7511
582.519870 76.082 100.6074
586.741049 76.150 103.4672
590.992817 76.219 106.3308
595.275394 76.287 109.1997
599.589005 76.355 112.0740
603.933874 76.424 114.9525
608.310228 76.494 117.8342
612.718295 76.565 120.7192
617.158304 76.635 123.6077
621.630488 76.706 126.5000
626.135079 76.777 129.3965
630.672311 76.848 132.2987
635.242423 76.920 135.2066
639.845651 76.992 138.1191
644.482237 77.064 141.0363
649.152421 77.136 143.9583
653.856447 77.209 146.8854
658.594560 77.281 149.8164
663.367008 77.355 152.7498
668.174039 77.428 155.6846
673.015903 77.502 158.6227
677.892854 77.577 161.5645
682.805145 77.653 164.5105
687.753032 77.729 167.4633
692.736774 77.805 170.4219
697.756631 77.881 173.3829
702.812863 77.958 176.3466
707.905735 78.035 179.3146
713.035511 78.112 -177.7141
718.202461 78.189 -174.7390
723.406852 78.267 -171.7591
728.648956 78.345 -168.7751
733.929047 78.425 -165.7881
739.247399 78.505 -162.7986
744.604290 78.586 -159.8077
750.000000 78.667 -156.8159
755.434809 78.749 -153.8222
760.909001 78.831 -150.8262
766.422861 78.914 -147.8279
771.976677 78.997 -144.8269
777.570739 79.081 -141.8233
783.205337 79.166 -138.8179
788.880766 79.251 -135.8105
794.597321 79.337 -132.7998
800.355301 79.423 -129.7872
806.155005 79.510 -126.7756
811.996736 79.598 -123.7646
817.880799 79.686 -120.7535
823.807501 79.776 -117.7417
829.777150 79.866 -114.7294
835.790057 79.957 -111.7172
841.846536 80.049 -108.7052
847.946903 80.142 -105.6949
854.091476 80.235 -102.6874
860.280575 80.330 -99.6822
866.514523 80.425 -96.6789
872.793644 80.520 -93.6777
879.118267 80.617 -90.6794
885.488720 80.714 -87.6860
891.905336 80.812 -84.6981
898.368450 80.911 -81.7156
904.878398 81.010 -78.7381
911.435520 81.111 -75.7654
918.040157 81.212 -72.7982
924.692655 81.313 -69.8382
931.393359 81.416 -66.8865
938.142619 81.519 -63.9431
944.940787 81.622 -61.0077
951.788218 81.727 -58.0794
958.685268 81.831 -55.1588
965.632296 81.936 -52.2466
972.629666 82.041 -49.3441
979.677741 82.146 -46.4518
986.776890 82.252 -43.5710
993.927482 82.358 -40.7030
1001.129891 82.464 -37.8455
1008.384491 82.571 -34.9979
1015.691660 82.677 -32.1643
1023.051781 82.782 -29.3453
1030.465236 82.887 -26.5350
1037.932411 82.992 -23.7293
1045.453698 83.097 -20.9313
1053.029486 83.204 -18.1486
1060.660172 83.311 -15.3866
1068.346153 83.417 -12.6460
1076.087829 83.524 -9.9233
1083.885605 83.629 -7.2157
1091.739887 83.733 -4.5212
1099.651084 83.836 -1.8354
1107.619609 83.937 0.8462
1115.645878 84.037 3.5242
1123.730308 84.134 6.1949
1131.873321 84.228 8.8508
1140.075341 84.321 11.4880
1148.336797 84.413 14.1104
1156.658119 84.504 16.7233
1165.039741 84.593 19.3271
1173.482099 84.681 21.9205
1181.985634 84.767 24.5046
1190.550789 84.852 27.0800
1199.178011 84.936 29.6454
1207.867749 85.017 32.2013
1216.620457 85.097 34.7475
1225.436590 85.176 37.2855
1234.316609 85.253 39.8165
1243.260976 85.328 42.3402
1252.270157 85.403 44.8558
1261.344623 85.475 47.3635
1270.484846 85.547 49.8642
1279.691303 85.616 52.3583
1288.964474 85.684 54.8461
1298.304842 85.751 57.3279
1307.712894 85.816 59.8038
1317.189120 85.880 62.2737
1326.734016 85.942 64.7369
1336.348077 86.004 67.1932
1346.031806 86.064 69.6430
1355.785708 86.123 72.0871
1365.610290 86.181 74.5251
1375.506065 86.237 76.9568
1385.473549 86.293 79.3819
1395.513261 86.347 81.8005
1405.625726 86.401 84.2129
1415.811469 86.454 86.6189
1426.071023 86.506 89.0182
1436.404921 86.557 91.4105
1446.813703 86.607 93.7957
1457.297912 86.657 96.1734
1467.858093 86.706 98.5430
1478.494798 86.755 100.9040
1489.208581 86.803 103.2564
1500.000000 86.850 105.6002
1510.869618 86.897 107.9351
1521.818002 86.943 110.2604
1532.845723 86.989 112.5755
1543.953355 87.035 114.8799
1555.141477 87.080 117.1735
1566.410674 87.125 119.4564
1577.761531 87.170 121.7277
1589.194642 87.215 123.9861
1600.710601 87.259 126.2308
1612.310010 87.304 128.4617
1623.993473 87.348 130.6782
1635.761599 87.392 132.8801
1647.615002 87.436 135.0668
1659.554299 87.481 137.2367
1671.580114 87.525 139.3889
1683.693072 87.569 141.5232
1695.893807 87.613 143.6389
1708.182952 87.657 145.7355
1720.561150 87.701 147.8116
1733.029045 87.745 149.8666
1745.587288 87.789 151.8995
1758.236533 87.833 153.9099
1770.977440 87.877 155.8971
1783.810673 87.920 157.8602
1796.736900 87.964 159.7986
1809.756796 88.007 161.7117
1822.871040 88.050 163.5994
1836.080315 88.092 165.4604
1849.385310 88.134 167.2947
1862.786718 88.176 169.1016
1876.285239 88.218 170.8794
1889.881575 88.260 172.6270
1903.576436 88.301 174.3434
1917.370535 88.342 176.0281
1931.264593 88.383 177.6799
1945.259332 88.424 179.2972
1959.355483 88.463 -179.1218
1973.553781 88.503 -177.5793
1987.854965 88.541 -176.0767
2002.259781 88.579 -174.6151
2016.768981 88.615 -173.1960
2031.383320 88.650 -171.8206
2046.103561 88.684 -170.4890
2060.930471 88.715 -169.2021
2075.864823 88.743 -167.9602
2090.907395 88.769 -166.7625
2106.058972 88.793 -165.6073
2121.320344 88.813 -164.4932
2136.692305 88.829 -163.4182
2152.175658 88.843 -162.3817
2167.771210 88.855 -161.3843
2183.479774 88.863 -160.4285
2199.302169 88.869 -159.5175
2215.239219 88.873 -158.6556
2231.291755 88.872 -157.8459
2247.460615 88.868 -157.0883
2263.746641 88.858 -156.3799
2280.150683 88.843 -155.7175
2296.673595 88.822 -155.0981
2313.316238 88.796 -154.5193
2330.079481 88.763 -153.9790
2346.964198 88.724 -153.4746
2363.971268 88.680 -153.0039
2381.101578 88.629 -152.5649
2398.356022 88.572 -152.1560
2415.735498 88.509 -151.7748
2433.240913 88.440 -151.4202
2450.873180 88.364 -151.0911
2468.633217 88.283 -150.7863
2486.521951 88.196 -150.5033
2504.540314 88.103 -150.2395
2522.689246 88.004 -149.9922
2540.969692 87.899 -149.7587
2559.382606 87.788 -149.5364
2577.928947 87.673 -149.3228
2596.609683 87.551 -149.1157
2615.425787 87.425 -148.9131
2634.378241 87.294 -148.7114
2653.468031 87.159 -148.5067
2672.696154 87.020 -148.2952
2692.063613 86.877 -148.0737
2711.571415 86.733 -147.8397
2731.220579 86.587 -147.5908
2751.012130 86.441 -147.3247
2770.947098 86.295 -147.0421
2791.026522 86.152 -146.7458
2811.251451 86.013 -146.4398
2831.622938 85.877 -146.1270
2852.142045 85.747 -145.8101
2872.809842 85.622 -145.4919
2893.627406 85.506 -145.1792
2914.595823 85.399 -144.8850
2935.716186 85.303 -144.6292
2956.989596 85.216 -144.4331
2978.417161 85.137 -144.3091
3000.000000 85.062 -144.2576
3021.739237 84.992 -144.2715
3043.636005 84.924 -144.3447
3065.691446 84.860 -144.4771
3087.906710 84.801 -144.6715
3110.282955 84.746 -144.9331
3132.821347 84.697 -145.2681
3155.523062 84.652 -145.6814
3178.389283 84.611 -146.1769
3201.421202 84.574 -146.7583
3224.620020 84.539 -147.4290
3247.986946 84.507 -148.1902
3271.523198 84.476 -149.0425
3295.230004 84.446 -149.9856
3319.108599 84.417 -151.0183
3343.160228 84.389 -152.1399
3367.386145 84.360 -153.3494
3391.787613 84.332 -154.6464
3416.365904 84.304 -156.0306
3441.122300 84.276 -157.5020
3466.058091 84.248 -159.0602
3491.174576 84.220 -160.7051
3516.473066 84.192 -162.4376
3541.954880 84.164 -164.2585
3567.621345 84.137 -166.1685
3593.473800 84.109 -168.1688
3619.513592 84.082 -170.2612
3645.742080 84.054 -172.4470
3672.160630 84.026 -174.7268
3698.770620 83.998 -177.1006
3725.573436 83.970 -179.5688
3752.570477 83.941 177.8678
3779.763150 83.913 175.2087
3807.152872 83.884 172.4526
3834.741071 83.854 169.5981
3862.529185 83.824 166.6448
3890.518664 83.793 163.5911
3918.710966 83.762 160.4363
3947.107561 83.729 157.1804
3975.709929 83.695 153.8269
4004.519563 83.659 150.3793
4033.537962 83.623 146.8335
4062.766641 83.588 143.1798
4092.207123 83.554 139.4116
4121.860942 83.522 135.5314
4151.729646 83.493 131.5420
4181.814790 83.464 127.4407
4212.117944 83.437 123.2237
4242.640687 83.410 118.8875
4273.384610 83.385 114.4299
4304.351317 83.359 109.8489
4335.542421 83.334 105.1432
4366.959549 83.309 100.3113
4398.604338 83.284 95.3513
4430.478438 83.260 90.2614
4462.583511 83.236 85.0403
4494.921231 83.212 79.6857
4527.493283 83.189 74.1943
4560.301365 83.165 68.5648
4593.347189 83.142 62.7958
4626.632476 83.119 56.8855
4660.158962 83.096 50.8301
4693.928395 83.074 44.6260
4727.942535 83.051 38.2702
4762.203156 83.028 31.7606
4796.712043 83.004 25.0953
4831.470996 82.979 18.2710
4866.481826 82.952 11.2861
4901.746360 82.925 4.1389
4937.266434 82.895 -3.1737
4973.043902 82.863 -10.6542
5009.080628 82.828 -18.3036
5045.378492 82.790 -26.1219
5081.939384 82.748 -34.1087
5118.765212 82.701 -42.2634
5155.857894 82.650 -50.5856
5193.219366 82.594 -59.0748
5230.851574 82.532 -67.7305
5268.756481 82.465 -76.5496
5306.936062 82.391 -85.5289
5345.392309 82.312 -94.6661
5384.127225 82.227 -103.9609
5423.142830 82.137 -113.4116
5462.441159 82.041 -123.0155
5502.024259 81.941 -132.7692
5541.894195 81.836 -142.6705
5582.053045 81.726 -152.7189
5622.502902 81.612 -162.9137
5663.245876 81.494 -173.2540
5704.284090 81.372 176.2612
5745.619684 81.248 165.6328
5787.254813 81.122 154.8616
5829.191647 80.994 143.9482
5871.432373 80.864 132.8914
5913.979192 80.735 121.6892
5956.834323 80.606 110.3389
6000.000000 80.478 98.8372
6043.478473 80.353 87.1812
6087.272010 80.230 75.3687
6131.382892 80.110 63.3964
6175.813420 79.993 51.2599
6220.565910 79.882 38.9552
6265.642695 79.777 26.4783
6311.046124 79.679 13.8245
6356.778566 79.590 0.9880
6402.842404 79.510 -12.0375
6449.240040 79.439 -25.2599
6495.973891 79.379 -38.6873
6543.046396 79.330 -52.3286
6590.460007 79.292 -66.1932
6638.217197 79.264 -80.2888
6686.320456 79.247 -94.6219
6734.772290 79.241 -109.1993
6783.575226 79.244 -124.0275
6832.731809 79.257 -139.1118
6882.244600 79.277 -154.4572
6932.116181 79.306 -170.0678
6982.349153 79.345 174.0536
7032.946133 79.392 157.9038
7083.909760 79.451 141.4776
7135.242690 79.520 124.7676
7186.947600 79.603 107.7664
7239.027185 79.698 90.4657
7291.484160 79.808 72.8563
7344.321260 79.933 54.9278
7397.541239 80.076 36.6671
7451.146872 80.237 18.0579
7505.140954 80.420 -0.9177
7559.526299 80.625 -20.2796
7614.305743 80.854 -40.0519
7669.482141 81.107 -60.2639
7725.058371 81.384 -80.9485
7781.037328 81.685 -102.1420
7837.421932 82.007 -123.8831
7894.215122 82.347 -146.2105
7951.419859 82.697 -169.1618
8009.039125 83.047 167.2278
8067.075924 83.386 142.9335
8125.533282 83.698 117.9500
8184.414245 83.966 92.3022
8243.721885 84.172 66.0496
8303.459292 84.299 39.2589
8363.629581 84.338 11.9915
8424.235888 84.285 -15.6660
8485.281374 84.143 -43.6105
8546.769221 83.918 -71.7480
8608.702634 83.624 -100.0050
8671.084842 83.276 -128.3311
8733.919097 82.890 -156.6991
8797.208675 82.479 174.8896
8860.956876 82.058 146.4034
8925.167022 81.637 117.7944
8989.842461 81.225 89.0334
9054.986566 80.825 60.1066
9120.602731 80.441 30.9829
9186.694378 80.073 1.6260
9253.264952 79.721 -27.9982
9320.317925 79.383 -57.9168
9387.856790 79.059 -88.1495
9455.885071 78.746 -118.7141
9524.406312 78.442 -149.6223
9593.424086 78.146 179.1208
9662.941992 77.855 147.5050
9732.963653 77.570 115.5223
9803.492719 77.289 83.1677
9874.532869 77.012 50.4357
9946.087805 76.738 17.3145
10018.161257 76.465 -16.2045
10090.756983 76.193 -50.1263
10163.878768 75.922 -84.4548
10237.530423 75.653 -119.1909
10311.715789 75.388 -154.3337
10386.438732 75.127 170.1154
10461.703149 74.872 134.1504
10537.512962 74.624 97.7719
10613.872125 74.384 60.9740
10690.784618 74.152 23.7448
10768.254450 73.929 -13.9309
10846.285661 73.716 -52.0581
10924.882318 73.513 -90.6443
11004.048518 73.319 -129.7036
11083.788390 73.132 -169.2416
11164.106090 72.951 150.7316
11245.005805 72.775 110.1993
11326.491752 72.604 69.1522
11408.568180 72.440 27.5889
11491.239368 72.285 -14.4871
11574.509626 72.141 -57.0811
11658.383294 72.010 -100.2070
11742.864745 71.892 -143.8728
11827.958384 71.785 171.9282
11913.668646 71.689 127.2002
12000.000000 71.603 81.9294
12086.956947 71.527 36.0903
12174.544019 71.463 -10.3403
12262.765784 71.413 -57.3750
12351.626840 71.377 -105.0181
12441.131819 71.354 -153.2673
12531.285389 71.345 157.8723
12622.092249 71.347 108.3955
12713.557132 71.361 58.2820
12805.684808 71.389 7.5103
12898.480079 71.433 -43.9189
12991.947783 71.493 -96.0024
13086.092792 71.571 -148.7615
13180.920015 71.665 157.7812
13276.434395 71.775 103.6047
13372.640911 71.902 48.7107
13469.544580 72.045 -6.8955
13567.150452 72.206 -63.2417
13665.463617 72.385 -120.3740
13764.489200 72.585 -178.2676
13864.232362 72.808 123.0896
13964.698305 73.055 63.6548
14065.892266 73.333 3.4119
14167.819519 73.647 -57.7017
14270.485380 74.004 -119.7622
14373.895200 74.412 177.2046
14478.054370 74.876 113.1980
14582.968320 75.397 48.1692
14688.642520 75.975 -17.9900
14795.082478 76.608 -85.3323
14902.293745 77.289 -153.8757
15010.281908 78.007 136.2852
15119.052599 78.745 64.9873
15228.611486 79.475 -7.8936
15338.964283 80.160 -82.3555
15450.116741 80.751 -158.4048
15562.074656 81.196 123.9600
15674.843864 81.439 44.8950
15788.430244 81.439 -35.2930
15902.839718 81.169 -116.2993
16018.078250 80.628 161.9658
16134.151848 79.835 79.9351
16251.066563 78.828 -2.0981
16368.828491 77.657 -84.3223
16487.443769 76.372 -166.6841
16606.918584 75.024 111.0098
16727.259161 73.654 28.6978
16848.471777 72.296 -53.7705
16970.562748 70.976 -136.4775
17093.538442 69.715 140.4751
17217.405268 68.525 57.1387
17342.169684 67.416 -26.6616
17467.838194 66.392 -111.2432
17594.417350 65.458 163.4766
17721.913751 64.615 77.6245
17850.334044 63.865 -8.7720
17979.684923 63.207 -96.1782
18109.973131 62.643 175.2432
18241.205462 62.174 85.9009
18373.388756 61.801 -4.6953
18506.529905 61.521 -96.3809
18640.635849 61.331 171.0312
18775.713581 61.223 76.8604
18911.770141 61.184 -18.5908
19048.812624 61.194 -114.8032
19186.848172 61.228 147.4556
19325.883983 61.257 47.0122
19465.927305 61.250 -55.0947
19606.985439 61.188 -150.5752
19749.065738 61.076 101.3252
19892.175609 60.950 -47.0737
20036.322514 60.870 -89.7832
