* Measurement data measured by REW V5.31.3
* Source: AUDIO [plughw:1,0], Headset (Headset), 0, volume: 0.791
* Format: 256k Log Swept Sine, 1 sweep at -12.0 dBFS with no timing reference
* Dated: 08 31, 26 11:35:45 AM
* REW Settings:
*  C-weighting compensation: Off
*  Target level: 75.0 dB
* Note: ; 
* Measurement: Samsung GB 3 FE Custom L
* Smoothing: 1/24 octave
* Frequency Step: 96 ppo
* Start Frequency: 0.36621094 Hz
*
* Freq(Hz) SPL(dB) Phase(degrees)
0.366211 33.983 -52.8650
0.368865 33.967 -52.8298
0.371538 33.943 -52.7792
0.374230 33.916 -52.7227
0.376942 33.888 -52.6642
0.379673 33.859 -52.6054
0.382424 33.830 -52.5466
0.385196 33.801 -52.4880
0.387987 33.772 -52.4296
0.390798 33.742 -52.3714
0.393630 33.712 -52.3133
0.396483 33.682 -52.2554
0.399356 33.652 -52.1976
0.402250 33.621 -52.1398
0.405165 33.591 -52.0820
0.408101 33.560 -52.0241
0.411058 33.528 -51.9662
0.414037 33.497 -51.9082
0.417037 33.465 -51.8499
0.420059 33.433 -51.7915
0.423103 33.401 -51.7327
0.426169 33.369 -51.6735
0.429257 33.336 -51.6140
0.432368 33.304 -51.5539
0.435501 33.271 -51.4933
0.438656 33.237 -51.4320
0.441835 33.204 -51.3700
0.445037 33.170 -51.3073
0.448262 33.136 -51.2436
0.451510 33.102 -51.1790
0.454782 33.067 -51.1133
0.458077 33.032 -51.0464
0.461397 32.997 -50.9782
0.464740 32.962 -50.9087
0.468108 32.927 -50.8376
0.471500 32.891 -50.7649
0.474917 32.855 -50.6905
0.478358 32.819 -50.6142
0.481825 32.782 -50.5358
0.485316 32.745 -50.4553
0.488833 32.708 -50.3724
0.492375 32.671 -50.2871
0.495943 32.633 -50.1990
0.499537 32.595 -50.1082
0.503157 32.557 -50.0142
0.506803 32.519 -49.9171
0.510475 32.480 -49.8165
0.514175 32.441 -49.7122
0.517900 32.401 -49.6040
0.521653 32.362 -49.4917
0.525434 32.322 -49.3750
0.529241 32.282 -49.2536
0.533076 32.241 -49.1273
0.536939 32.201 -48.9957
0.540830 32.160 -48.8586
0.544749 32.118 -48.7156
0.548696 32.077 -48.5663
0.552673 32.035 -48.4105
0.556677 31.992 -48.2476
0.560711 31.950 -48.0773
0.564774 31.907 -47.8992
0.568867 31.864 -47.7128
0.572989 31.820 -47.5175
0.577141 31.777 -47.3130
0.581324 31.733 -47.0986
0.585536 31.688 -46.8738
0.589779 31.643 -46.6379
0.594053 31.598 -46.3903
0.598358 31.553 -46.1303
0.602694 31.507 -45.8572
0.607061 31.461 -45.5702
0.611460 31.415 -45.2684
0.615891 31.368 -44.9510
0.620354 31.321 -44.6170
0.624849 31.273 -44.2654
0.629377 31.226 -43.8952
0.633938 31.178 -43.5052
0.638532 31.129 -43.0941
0.643159 31.080 -42.6606
0.647819 31.031 -42.2035
0.652514 30.982 -41.7211
0.657242 30.932 -41.2119
0.662005 30.882 -40.6741
0.666802 30.831 -40.1060
0.671634 30.780 -39.5056
0.676501 30.729 -38.8708
0.681403 30.677 -38.1993
0.686341 30.625 -37.4889
0.691314 30.572 -36.7370
0.696324 30.520 -35.9408
0.701370 30.466 -35.0975
0.706452 30.413 -34.2037
0.711571 30.359 -33.2551
0.716728 30.307 -32.2450
0.721921 30.257 -31.1599
0.727153 30.218 -29.9711
0.732422 30.202 -28.6274
0.737729 30.227 -27.0831
0.743075 30.279 -25.4058
0.748460 30.347 -23.6534
0.753883 30.426 -21.8540
0.759346 30.513 -20.0199
0.764849 30.608 -18.1573
0.770391 30.710 -16.2711
0.775974 30.819 -14.3659
0.781597 30.935 -12.4466
0.787261 31.058 -10.5186
0.792966 31.187 -8.5873
0.798712 31.324 -6.6585
0.804500 31.468 -4.7381
0.810329 31.618 -2.8319
0.816201 31.775 -0.9458
0.822116 31.938 0.9146
0.828073 32.108 2.7438
0.834074 32.284 4.5370
0.840118 32.466 6.2894
0.846206 32.655 7.9969
0.852338 32.849 9.6558
0.858514 33.050 11.2628
0.864735 33.256 12.8154
0.871001 33.467 14.3114
0.877313 33.684 15.7490
0.883670 33.906 17.1271
0.890074 34.133 18.4449
0.896524 34.365 19.7019
0.903020 34.601 20.8981
0.909564 34.842 22.0338
0.916155 35.087 23.1094
0.922794 35.336 24.1258
0.929481 35.588 25.0838
0.936216 35.844 25.9845
0.943000 36.102 26.8292
0.949834 36.364 27.6192
0.956717 36.628 28.3557
0.963649 36.894 29.0404
0.970632 37.162 29.6746
0.977666 37.431 30.2598
0.984750 37.701 30.7974
0.991886 37.972 31.2891
0.999074 38.243 31.7361
1.006314 38.514 32.1400
1.013606 38.785 32.5022
1.020951 39.054 32.8240
1.028349 39.322 33.1067
1.035801 39.588 33.3517
1.043307 39.851 33.5603
1.050867 40.111 33.7335
1.058482 40.367 33.8727
1.066152 40.620 33.9790
1.073878 40.867 34.0537
1.081660 41.109 34.0984
1.089498 41.346 34.1156
1.097393 41.579 34.1102
1.105345 41.808 34.0897
1.113355 42.037 34.0622
1.121423 42.266 34.0318
1.129549 42.497 33.9997
1.137734 42.728 33.9659
1.145979 42.960 33.9298
1.154283 43.194 33.8909
1.162647 43.429 33.8485
1.171072 43.664 33.8022
1.179558 43.900 33.7514
1.188106 44.138 33.6955
1.196715 44.376 33.6342
1.205387 44.614 33.5671
1.214122 44.854 33.4937
1.222920 45.094 33.4137
1.231782 45.334 33.3268
1.240708 45.575 33.2326
1.249699 45.816 33.1309
1.258754 46.058 33.0213
1.267876 46.299 32.9037
1.277063 46.541 32.7777
1.286318 46.783 32.6431
1.295639 47.024 32.4997
1.305027 47.265 32.3473
1.314484 47.506 32.1856
1.324009 47.747 32.0144
1.333604 47.987 31.8335
1.343268 48.227 31.6427
1.353002 48.465 31.4418
1.362806 48.703 31.2306
1.372681 48.940 31.0089
1.382628 49.175 30.7765
1.392647 49.410 30.5330
1.402739 49.642 30.2785
1.412904 49.874 30.0125
1.423142 50.103 29.7350
1.433455 50.331 29.4458
1.443843 50.556 29.1450
1.454305 50.779 28.8332
1.464844 51.000 28.5123
1.475459 51.218 28.1858
1.486150 51.434 27.8572
1.496920 51.647 27.5281
1.507767 51.857 27.1992
1.518693 52.065 26.8703
1.529698 52.270 26.5414
1.540783 52.472 26.2121
1.551948 52.673 25.8822
1.563194 52.870 25.5513
1.574521 53.066 25.2191
1.585931 53.260 24.8854
1.597423 53.451 24.5498
1.608999 53.640 24.2121
1.620658 53.828 23.8720
1.632402 54.014 23.5291
1.644232 54.198 23.1831
1.656146 54.381 22.8339
1.668147 54.562 22.4810
1.680235 54.742 22.1241
1.692411 54.922 21.7630
1.704675 55.100 21.3974
1.717028 55.277 21.0269
1.729470 55.454 20.6513
1.742003 55.630 20.2702
1.754626 55.807 19.8834
1.767341 55.983 19.4904
1.780147 56.159 19.0911
1.793047 56.336 18.6851
1.806040 56.514 18.2723
1.819128 56.691 17.8525
1.832310 56.869 17.4263
1.845587 57.047 16.9948
1.858961 57.223 16.5591
1.872432 57.397 16.1202
1.886001 57.570 15.6786
1.899667 57.742 15.2347
1.913433 57.911 14.7888
1.927299 58.079 14.3414
1.941265 58.246 13.8925
1.955332 58.411 13.4424
1.969501 58.574 12.9913
1.983773 58.737 12.5393
1.998148 58.898 12.0865
2.012627 59.058 11.6331
2.027212 59.217 11.1791
2.041902 59.374 10.7244
2.056698 59.531 10.2692
2.071602 59.687 9.8134
2.086614 59.843 9.3570
2.101734 59.998 8.8998
2.116964 60.152 8.4417
2.132304 60.306 7.9828
2.147756 60.460 7.5227
2.163320 60.614 7.0613
2.178996 60.767 6.5983
2.194786 60.921 6.1332
2.210690 61.073 5.6653
2.226710 61.225 5.1942
2.242845 61.375 4.7198
2.259098 61.524 4.2425
2.275468 61.672 3.7627
2.291957 61.818 3.2810
2.308566 61.962 2.7977
2.325295 62.106 2.3135
2.342145 62.248 1.8287
2.359117 62.389 1.3436
2.376212 62.530 0.8588
2.393431 62.669 0.3745
2.410775 62.807 -0.1090
2.428244 62.945 -0.5914
2.445840 63.082 -1.0723
2.463564 63.218 -1.5516
2.481416 63.354 -2.0290
2.499397 63.489 -2.5044
2.517509 63.625 -2.9776
2.535752 63.759 -3.4487
2.554127 63.894 -3.9182
2.572635 64.028 -4.3870
2.591277 64.161 -4.8566
2.610055 64.293 -5.3278
2.628968 64.424 -5.8007
2.648019 64.554 -6.2749
2.667208 64.682 -6.7500
2.686535 64.809 -7.2255
2.706003 64.936 -7.7008
2.725612 65.061 -8.1756
2.745363 65.186 -8.6492
2.765257 65.309 -9.1213
2.785295 65.432 -9.5914
2.805478 65.555 -10.0590
2.825808 65.677 -10.5236
2.846285 65.799 -10.9849
2.866910 65.920 -11.4425
2.887685 66.042 -11.8961
2.908611 66.163 -12.3455
2.929688 66.284 -12.7913
2.950917 66.404 -13.2345
2.972301 66.524 -13.6762
2.993839 66.643 -14.1169
3.015534 66.761 -14.5568
3.037386 66.878 -14.9956
3.059396 66.994 -15.4331
3.081565 67.110 -15.8692
3.103896 67.225 -16.3034
3.126388 67.339 -16.7357
3.149043 67.453 -17.1657
3.171862 67.567 -17.5931
3.194847 67.681 -18.0177
3.217998 67.794 -18.4391
3.241317 67.908 -18.8572
3.264805 68.022 -19.2716
3.288463 68.136 -19.6824
3.312293 68.250 -20.0897
3.336295 68.364 -20.4939
3.360471 68.477 -20.8953
3.384822 68.590 -21.2942
3.409350 68.702 -21.6909
3.434056 68.814 -22.0856
3.458940 68.926 -22.4784
3.484005 69.038 -22.8695
3.509252 69.150 -23.2591
3.534681 69.261 -23.6473
3.560295 69.373 -24.0341
3.586094 69.485 -24.4198
3.612081 69.597 -24.8043
3.638255 69.710 -25.1876
3.664620 69.823 -25.5694
3.691175 69.936 -25.9491
3.717923 70.050 -26.3265
3.744864 70.163 -26.7015
3.772001 70.276 -27.0748
3.799335 70.390 -27.4467
3.826866 70.503 -27.8177
3.854597 70.617 -28.1885
3.882529 70.731 -28.5595
3.910664 70.845 -28.9313
3.939002 70.959 -29.3044
3.967546 71.073 -29.6793
3.996296 71.188 -30.0560
4.025255 71.303 -30.4346
4.054423 71.419 -30.8143
4.083804 71.534 -31.1943
4.113396 71.650 -31.5743
4.143204 71.766 -31.9546
4.173227 71.883 -32.3357
4.203468 71.999 -32.7179
4.233928 72.116 -33.1019
4.264609 72.232 -33.4882
4.295512 72.349 -33.8774
4.326639 72.466 -34.2699
4.357992 72.583 -34.6662
4.389572 72.700 -35.0663
4.421380 72.816 -35.4698
4.453419 72.933 -35.8761
4.485691 73.050 -36.2850
4.518196 73.168 -36.6962
4.550936 73.285 -37.1099
4.583914 73.402 -37.5263
4.617131 73.518 -37.9455
4.650589 73.635 -38.3678
4.684289 73.752 -38.7932
4.718233 73.868 -39.2222
4.752424 73.984 -39.6548
4.786862 74.100 -40.0912
4.821549 74.216 -40.5313
4.856488 74.331 -40.9748
4.891680 74.446 -41.4215
4.927127 74.561 -41.8710
4.962831 74.675 -42.3231
4.998794 74.789 -42.7776
5.035017 74.903 -43.2342
5.071503 75.016 -43.6928
5.108253 75.130 -44.1535
5.145270 75.242 -44.6164
5.182555 75.354 -45.0820
5.220110 75.466 -45.5504
5.257937 75.577 -46.0212
5.296038 75.688 -46.4941
5.334415 75.799 -46.9688
5.373071 75.909 -47.4447
5.412006 76.019 -47.9215
5.451224 76.128 -48.3989
5.490725 76.237 -48.8768
5.530514 76.346 -49.3556
5.570590 76.455 -49.8355
5.610957 76.563 -50.3167
5.651616 76.670 -50.7991
5.692570 76.778 -51.2824
5.733821 76.885 -51.7666
5.775370 76.992 -52.2512
5.817221 77.099 -52.7363
5.859375 77.206 -53.2215
5.901834 77.312 -53.7069
5.944602 77.419 -54.1927
5.987679 77.525 -54.6791
6.031068 77.631 -55.1663
6.074771 77.738 -55.6545
6.118792 77.844 -56.1439
6.163131 77.950 -56.6346
6.207792 78.056 -57.1267
6.252776 78.163 -57.6199
6.298086 78.269 -58.1141
6.343725 78.376 -58.6094
6.389694 78.483 -59.1061
6.435996 78.589 -59.6047
6.482634 78.696 -60.1058
6.529610 78.803 -60.6097
6.576926 78.910 -61.1169
6.624585 79.018 -61.6269
6.672590 79.125 -62.1396
6.720942 79.233 -62.6549
6.769645 79.341 -63.1731
6.818700 79.448 -63.6948
6.868111 79.556 -64.2206
6.917881 79.664 -64.7508
6.968010 79.772 -65.2857
7.018504 79.881 -65.8249
7.069362 79.989 -66.3682
7.120590 80.097 -66.9158
7.172189 80.205 -67.4679
7.224161 80.313 -68.0247
7.276511 80.422 -68.5867
7.329239 80.530 -69.1539
7.382350 80.637 -69.7264
7.435845 80.745 -70.3040
7.489729 80.853 -70.8866
7.544002 80.960 -71.4743
7.598669 81.068 -72.0671
7.653732 81.175 -72.6652
7.709194 81.282 -73.2686
7.765058 81.388 -73.8775
7.821327 81.495 -74.4917
7.878004 81.601 -75.1112
7.935091 81.707 -75.7359
7.992592 81.812 -76.3660
8.050510 81.918 -77.0014
8.108847 82.023 -77.6422
8.167607 82.127 -78.2885
8.226793 82.232 -78.9403
8.286408 82.336 -79.5976
8.346454 82.440 -80.2605
8.406936 82.543 -80.9290
8.467856 82.646 -81.6034
8.529218 82.749 -82.2837
8.591024 82.851 -82.9698
8.653278 82.953 -83.6620
8.715983 83.055 -84.3603
8.779143 83.156 -85.0649
8.842760 83.256 -85.7760
8.906839 83.357 -86.4937
8.971381 83.456 -87.2180
9.036392 83.555 -87.9489
9.101873 83.654 -88.6865
9.167829 83.752 -89.4310
9.234263 83.850 -90.1828
9.301178 83.946 -90.9418
9.368578 84.042 -91.7078
9.436467 84.138 -92.4809
9.504847 84.232 -93.2609
9.573723 84.326 -94.0481
9.643099 84.419 -94.8430
9.712976 84.511 -95.6452
9.783361 84.602 -96.4544
9.854255 84.692 -97.2703
9.925663 84.781 -98.0931
9.997588 84.869 -98.9233
10.070035 84.956 -99.7607
10.143007 85.042 -100.6049
10.216507 85.126 -101.4552
10.290540 85.209 -102.3119
10.365109 85.291 -103.1754
10.440219 85.372 -104.0457
10.515873 85.451 -104.9221
10.592076 85.529 -105.8039
10.668830 85.605 -106.6915
10.746141 85.680 -107.5852
10.824012 85.754 -108.4849
10.902447 85.826 -109.3896
10.981451 85.896 -110.2990
11.061027 85.965 -111.2132
11.141180 86.032 -112.1327
11.221913 86.097 -113.0568
11.303232 86.161 -113.9845
11.385140 86.222 -114.9155
11.467641 86.282 -115.8504
11.550741 86.340 -116.7889
11.634442 86.396 -117.7300
11.718750 86.451 -118.6726
11.803669 86.503 -119.6172
11.889203 86.553 -120.5638
11.975357 86.602 -121.5115
12.062136 86.648 -122.4592
12.149543 86.693 -123.4066
12.237583 86.735 -124.3541
12.326262 86.776 -125.3011
12.415583 86.815 -126.2465
12.505552 86.852 -127.1899
12.596172 86.887 -128.1316
12.687449 86.921 -129.0713
12.779387 86.952 -130.0082
12.871992 86.982 -130.9420
12.965268 87.011 -131.8729
13.059220 87.037 -132.8009
13.153852 87.063 -133.7256
13.249170 87.087 -134.6467
13.345179 87.109 -135.5647
13.441884 87.130 -136.4795
13.539289 87.150 -137.3908
13.637401 87.168 -138.2989
13.736223 87.185 -139.2039
13.835761 87.201 -140.1059
13.936021 87.215 -141.0046
14.037007 87.228 -141.9005
14.138725 87.240 -142.7934
14.241180 87.251 -143.6833
14.344377 87.260 -144.5701
14.448323 87.268 -145.4541
14.553021 87.275 -146.3350
14.658478 87.280 -147.2126
14.764700 87.285 -148.0870
14.871691 87.287 -148.9581
14.979457 87.289 -149.8256
15.088005 87.289 -150.6893
15.197339 87.288 -151.5490
15.307465 87.286 -152.4044
15.418389 87.282 -153.2551
15.530117 87.277 -154.1009
15.642655 87.271 -154.9412
15.756008 87.263 -155.7755
15.870182 87.254 -156.6034
15.985184 87.244 -157.4242
16.101019 87.233 -158.2374
16.217694 87.220 -159.0422
16.335214 87.207 -159.8384
16.453586 87.193 -160.6254
16.572815 87.178 -161.4028
16.692909 87.162 -162.1705
16.813872 87.146 -162.9286
16.935713 87.131 -163.6773
17.058436 87.115 -164.4171
17.182048 87.099 -165.1490
17.306556 87.084 -165.8741
17.431967 87.069 -166.5933
17.558286 87.055 -167.3084
17.685521 87.041 -168.0208
17.813677 87.028 -168.7318
17.942762 87.015 -169.4429
18.072783 87.002 -170.1553
18.203746 86.989 -170.8694
18.335658 86.976 -171.5858
18.468526 86.962 -172.3045
18.602356 86.947 -173.0248
18.737156 86.932 -173.7458
18.872934 86.915 -174.4664
19.009695 86.897 -175.1851
19.147447 86.878 -175.9002
19.286197 86.858 -176.6105
19.425953 86.837 -177.3148
19.566721 86.815 -178.0121
19.708510 86.792 -178.7024
19.851326 86.770 -179.3858
19.995177 86.747 179.9370
20.140070 86.724 179.2644
20.286013 86.702 178.5951
20.433014 86.679 177.9273
20.581080 86.657 177.2592
20.730219 86.635 176.5895
20.880439 86.613 175.9171
21.031747 86.589 175.2416
21.184152 86.565 174.5635
21.337661 86.540 173.8835
21.492282 86.512 173.2030
21.648024 86.484 172.5241
21.804895 86.453 171.8486
21.962902 86.422 171.1785
22.122054 86.388 170.5157
22.282360 86.354 169.8613
22.443827 86.319 169.2159
22.606464 86.283 168.5797
22.770280 86.248 167.9518
22.935283 86.212 167.3314
23.101481 86.177 166.7166
23.268884 86.142 166.1060
23.437500 86.108 165.4975
23.607338 86.074 164.8896
23.778406 86.040 164.2807
23.950714 86.007 163.6698
24.124271 85.973 163.0559
24.299086 85.940 162.4385
24.475167 85.906 161.8175
24.652524 85.872 161.1931
24.831166 85.837 160.5656
25.011103 85.801 159.9359
25.192344 85.765 159.3049
25.374898 85.727 158.6741
25.558775 85.689 158.0443
25.743984 85.650 157.4168
25.930536 85.611 156.7919
26.118439 85.571 156.1694
26.307704 85.532 155.5485
26.498341 85.493 154.9273
26.690359 85.454 154.3034
26.883768 85.415 153.6741
27.078579 85.377 153.0372
27.274801 85.337 152.3912
27.472446 85.296 151.7364
27.671522 85.253 151.0744
27.872042 85.207 150.4091
28.074014 85.158 149.7457
28.277450 85.105 149.0905
28.482360 85.050 148.4493
28.688755 84.992 147.8277
28.896645 84.933 147.2284
29.106042 84.874 146.6523
29.316957 84.815 146.0972
29.529400 84.758 145.5588
29.743382 84.704 145.0309
29.958915 84.651 144.5073
30.176009 84.600 143.9818
30.394677 84.551 143.4498
30.614929 84.502 142.9088
30.836778 84.452 142.3579
31.060234 84.402 141.7979
31.285309 84.351 141.2307
31.512015 84.297 140.6582
31.740364 84.242 140.0827
31.970368 84.185 139.5060
32.202039 84.126 138.9295
32.435388 84.066 138.3545
32.670428 84.003 137.7819
32.907171 83.939 137.2128
33.145630 83.873 136.6481
33.385817 83.805 136.0886
33.627745 83.736 135.5346
33.871425 83.666 134.9868
34.116871 83.595 134.4451
34.364096 83.522 133.9100
34.613113 83.449 133.3817
34.863934 83.375 132.8603
35.116572 83.301 132.3455
35.371041 83.227 131.8368
35.627354 83.152 131.3328
35.885525 83.077 130.8319
36.145566 83.003 130.3320
36.407492 82.928 129.8312
36.671316 82.852 129.3287
36.937051 82.776 128.8243
37.204712 82.698 128.3191
37.474313 82.618 127.8148
37.745867 82.537 127.3137
38.019389 82.453 126.8184
38.294893 82.368 126.3311
38.572394 82.280 125.8539
38.851905 82.191 125.3880
39.133442 82.101 124.9345
39.417019 82.010 124.4937
39.702651 81.917 124.0652
39.990353 81.824 123.6488
40.280140 81.730 123.2440
40.572026 81.636 122.8505
40.866028 81.541 122.4681
41.162160 81.446 122.0961
41.460438 81.351 121.7326
41.760877 81.256 121.3749
42.063494 81.161 121.0194
42.368303 81.067 120.6632
42.675322 80.971 120.3063
42.984565 80.873 119.9518
43.296048 80.774 119.6060
43.609789 80.672 119.2765
43.925804 80.570 118.9694
44.244108 80.469 118.6859
44.564719 80.369 118.4212
44.887654 80.273 118.1654
45.212928 80.180 117.9066
45.540560 80.088 117.6351
45.870565 79.996 117.3475
46.202962 79.901 117.0490
46.537768 79.801 116.7534
46.875000 79.697 116.4792
47.214676 79.589 116.2431
47.556813 79.480 116.0527
47.901429 79.373 115.9034
48.248542 79.271 115.7797
48.598171 79.172 115.6635
48.950334 79.074 115.5439
49.305048 78.976 115.4220
49.662333 78.876 115.3086
50.022206 78.775 115.2155
50.384688 78.674 115.1460
50.749796 78.576 115.0923
51.117550 78.480 115.0416
51.487969 78.384 114.9854
51.861072 78.288 114.9257
52.236879 78.191 114.8707
52.615409 78.093 114.8272
52.996681 77.995 114.7949
53.380717 77.899 114.7697
53.767536 77.802 114.7514
54.157158 77.704 114.7468
54.549603 77.608 114.7637
54.944892 77.514 114.8008
55.343045 77.424 114.8450
55.744084 77.337 114.8804
56.148028 77.251 114.9020
56.554900 77.163 114.9211
56.964720 77.073 114.9561
57.377510 76.983 115.0175
57.793291 76.895 115.1016
58.212085 76.809 115.1987
58.633914 76.725 115.3046
59.058799 76.641 115.4240
59.486764 76.558 115.5640
59.917829 76.478 115.7270
60.352019 76.402 115.9091
60.789354 76.331 116.1035
61.229859 76.267 116.2978
61.673556 76.209 116.4722
62.120468 76.156 116.6034
62.570618 76.103 116.6809
63.024031 76.045 116.7205
63.480729 75.980 116.7580
63.940736 75.911 116.8270
64.404077 75.842 116.9388
64.870776 75.776 117.0829
65.340856 75.716 117.2423
65.814343 75.660 117.4055
66.291261 75.608 117.5639
66.771635 75.561 117.7061
67.255489 75.516 117.8221
67.742850 75.470 117.9129
68.233743 75.422 117.9936
68.728193 75.371 118.0835
69.226226 75.318 118.1947
69.727867 75.267 118.3289
70.233144 75.219 118.4817
70.742083 75.174 118.6460
71.254709 75.134 118.8117
71.771050 75.098 118.9658
72.291132 75.064 119.0968
72.814984 75.033 119.2004
73.342631 75.000 119.2802
73.874102 74.967 119.3442
74.409424 74.932 119.3997
74.948626 74.897 119.4495
75.491734 74.862 119.4931
76.038779 74.826 119.5300
76.589787 74.790 119.5625
77.144788 74.754 119.5936
77.703811 74.718 119.6246
78.266885 74.683 119.6555
78.834039 74.647 119.6903
79.405303 74.611 119.7378
79.980706 74.578 119.8004
80.560280 74.548 119.8625
81.144053 74.521 119.9014
81.732056 74.492 119.9159
82.324320 74.458 119.9327
82.920876 74.423 119.9727
83.521755 74.390 120.0199
84.126988 74.358 120.0446
84.736607 74.323 120.0479
85.350643 74.285 120.0550
85.969129 74.247 120.0716
86.592097 74.212 120.0728
87.219579 74.178 120.0405
87.851608 74.140 119.9856
88.488217 74.102 119.9278
89.129439 74.064 119.8717
89.775308 74.027 119.8089
90.425856 73.991 119.7333
91.081119 73.954 119.6532
91.741131 73.915 119.5898
92.405925 73.876 119.5594
93.075536 73.840 119.5583
93.750000 73.809 119.5683
94.429351 73.780 119.5732
95.113625 73.753 119.5674
95.802858 73.725 119.5529
96.497085 73.698 119.5272
97.196342 73.671 119.4795
97.900667 73.640 119.4047
98.610096 73.606 119.3156
99.324665 73.566 119.2330
100.044413 73.525 119.1699
100.769376 73.485 119.1259
101.499592 73.446 119.0891
102.235100 73.410 119.0443
102.975938 73.373 118.9857
103.722144 73.335 118.9197
104.473757 73.295 118.8563
105.230817 73.255 118.8011
105.993363 73.215 118.7522
106.761435 73.176 118.6984
107.535072 73.139 118.6283
108.314315 73.100 118.5441
109.099206 73.061 118.4561
109.889783 73.022 118.3680
110.686090 72.983 118.2792
111.488167 72.943 118.1946
112.296056 72.902 118.1208
113.109800 72.862 118.0554
113.929440 72.822 117.9897
114.755020 72.781 117.9190
115.586582 72.739 117.8372
116.424170 72.696 117.7336
117.267827 72.649 117.6104
118.117598 72.598 117.4807
118.973527 72.543 117.3576
119.835658 72.486 117.2721
120.704037 72.433 117.2393
121.578708 72.390 117.2128
122.459718 72.350 117.1508
123.347111 72.309 117.0723
124.240935 72.267 117.0040
125.141236 72.225 116.9457
126.048061 72.182 116.8905
126.961458 72.137 116.8350
127.881473 72.089 116.7784
128.808154 72.038 116.7215
129.741551 71.984 116.6632
130.681712 71.927 116.5984
131.628686 71.867 116.5228
132.582521 71.804 116.4348
133.543269 71.739 116.3474
134.510979 71.672 116.2986
135.485701 71.614 116.2998
136.467486 71.567 116.2956
137.456386 71.527 116.2366
138.452451 71.485 116.1414
139.455735 71.437 116.0589
140.466288 71.384 116.0110
141.484165 71.329 115.9869
142.509418 71.272 115.9727
143.542100 71.213 115.9597
144.582265 71.154 115.9399
145.629968 71.095 115.9118
146.685262 71.036 115.8790
147.748204 70.976 115.8475
148.818849 70.915 115.8253
149.897251 70.852 115.8132
150.983469 70.787 115.7955
152.077557 70.717 115.7585
153.179574 70.640 115.7325
154.289576 70.562 115.7590
155.407622 70.489 115.8202
156.533770 70.423 115.8599
157.668078 70.356 115.8653
158.810606 70.286 115.8659
159.961413 70.211 115.8742
161.120559 70.132 115.8836
162.288105 70.050 115.8972
163.464112 69.967 115.9261
164.648640 69.884 115.9844
165.841752 69.798 116.0900
167.043510 69.709 116.2521
168.253976 69.614 116.4639
169.473213 69.510 116.7066
170.701286 69.396 116.9703
171.938258 69.276 117.2804
173.184194 69.161 117.6713
174.439158 69.063 118.1107
175.703216 68.981 118.5539
176.976434 68.909 119.0271
178.258878 68.848 119.5717
179.550615 68.800 120.1617
180.851713 68.768 120.7024
182.162239 68.744 121.1373
183.482262 68.721 121.5124
184.811850 68.694 121.8721
186.151073 68.656 122.2514
187.500000 68.608 122.7310
188.858702 68.560 123.2679
190.227250 68.514 123.7521
191.605715 68.474 124.1365
192.994169 68.437 124.4552
194.392685 68.408 124.7905
195.801334 68.390 125.1710
197.220191 68.378 125.5612
198.649330 68.363 125.9328
200.088825 68.341 126.2896
201.538751 68.312 126.6297
202.999184 68.281 126.9515
204.470200 68.247 127.2831
205.951875 68.213 127.6542
207.444287 68.179 128.0550
208.947514 68.144 128.4595
210.461634 68.110 128.8600
211.986726 68.078 129.2627
213.522869 68.050 129.6853
215.070144 68.026 130.1641
216.628631 68.007 130.7024
218.198411 67.994 131.2492
219.779567 67.984 131.7609
221.372180 67.976 132.2349
222.976334 67.970 132.6891
224.592112 67.969 133.1483
226.219600 67.971 133.6303
227.858880 67.979 134.1188
229.510039 67.990 134.5814
231.173164 68.003 134.9982
232.848340 68.016 135.3772
234.535655 68.030 135.7637
236.235197 68.048 136.1989
237.947054 68.071 136.6629
239.671317 68.095 137.0976
241.408074 68.115 137.4764
243.157416 68.130 137.8219
244.919435 68.144 138.1511
246.694223 68.160 138.4711
248.481871 68.176 138.7928
250.282473 68.192 139.1259
252.096123 68.208 139.4672
253.922915 68.225 139.8160
255.762945 68.244 140.1656
257.616309 68.266 140.5020
259.483103 68.290 140.8272
261.363424 68.314 141.1511
263.257372 68.339 141.4746
265.165043 68.367 141.7905
267.086538 68.396 142.0984
269.021957 68.428 142.4088
270.971401 68.461 142.7308
272.934972 68.495 143.0582
274.912771 68.528 143.3746
276.904902 68.559 143.6802
278.911469 68.590 143.9813
280.932577 68.622 144.2755
282.968330 68.657 144.5555
285.018835 68.693 144.8190
287.084199 68.732 145.0726
289.164530 68.773 145.3278
291.259935 68.814 145.5876
293.370525 68.857 145.8477
295.496408 68.903 146.0973
297.637697 68.950 146.3375
299.794503 68.997 146.5820
301.966937 69.042 146.8351
304.155114 69.086 147.0796
306.359147 69.131 147.2900
308.579152 69.176 147.4731
310.815244 69.221 147.6649
313.067539 69.269 147.8759
315.336156 69.321 148.0875
317.621211 69.375 148.2895
319.922826 69.431 148.4777
322.241118 69.487 148.6469
324.576210 69.542 148.8070
326.928223 69.596 148.9757
329.297280 69.652 149.1536
331.683504 69.708 149.3245
334.087019 69.763 149.4766
336.507952 69.819 149.6164
338.946427 69.876 149.7538
341.402572 69.936 149.8925
343.876516 69.998 150.0284
346.368387 70.061 150.1551
348.878315 70.123 150.2689
351.406431 70.186 150.3672
353.952867 70.249 150.4488
356.517756 70.311 150.5210
359.101230 70.372 150.5875
361.703426 70.435 150.6472
364.324478 70.497 150.7002
366.964523 70.561 150.7480
369.623699 70.625 150.7928
372.302145 70.689 150.8396
375.000000 70.752 150.8893
377.717405 70.815 150.9361
380.454501 70.881 150.9760
383.211431 70.948 151.0089
385.988339 71.016 151.0368
388.785369 71.085 151.0611
391.602668 71.153 151.0776
394.440383 71.220 151.0844
397.298660 71.288 151.0827
400.177650 71.357 151.0718
403.077502 71.427 151.0513
405.998368 71.499 151.0214
408.940400 71.570 150.9833
411.903750 71.641 150.9412
414.888575 71.712 150.8970
417.895028 71.782 150.8481
420.923268 71.854 150.7935
423.973452 71.926 150.7343
427.045738 71.999 150.6709
430.140287 72.072 150.6003
433.257261 72.145 150.5207
436.396822 72.218 150.4323
439.559133 72.292 150.3378
442.744360 72.365 150.2397
445.952668 72.439 150.1387
449.184225 72.512 150.0354
452.439199 72.586 149.9279
455.717760 72.661 149.8126
459.020079 72.737 149.6886
462.346327 72.813 149.5564
465.696680 72.889 149.4160
469.071310 72.966 149.2703
472.470394 73.042 149.1219
475.894109 73.119 148.9707
479.342634 73.195 148.8132
482.816148 73.272 148.6467
486.314833 73.349 148.4744
489.838871 73.427 148.3002
493.388445 73.505 148.1235
496.963741 73.583 147.9412
500.564945 73.661 147.7509
504.192245 73.739 147.5532
507.845830 73.817 147.3506
511.525890 73.896 147.1438
515.232618 73.975 146.9304
518.966206 74.055 146.7090
522.726849 74.135 146.4815
526.514743 74.216 146.2497
530.330086 74.296 146.0148
534.173076 74.376 145.7755
538.043915 74.456 145.5306
541.942803 74.536 145.2792
545.869944 74.616 145.0211
549.825542 74.696 144.7579
553.809805 74.777 144.4918
557.822939 74.859 144.2212
561.865154 74.940 143.9441
565.936660 75.023 143.6600
570.037671 75.105 143.3692
574.168399 75.187 143.0723
578.329060 75.269 142.7719
582.519870 75.352 142.4691
586.741049 75.435 142.1613
590.992817 75.519 141.8463
595.275394 75.603 141.5258
599.589005 75.687 141.2010
603.933874 75.771 140.8705
608.310228 75.854 140.5345
612.718295 75.938 140.1937
617.158304 76.022 139.8484
621.630488 76.106 139.4981
626.135079 76.190 139.1435
630.672311 76.275 138.7853
635.242423 76.360 138.4231
639.845651 76.445 138.0557
644.482237 76.531 137.6815
649.152421 76.617 137.2990
653.856447 76.703 136.9093
658.594560 76.789 136.5143
663.367008 76.875 136.1163
668.174039 76.962 135.7173
673.015903 77.049 135.3152
677.892854 77.136 134.9070
682.805145 77.223 134.4903
687.753032 77.311 134.0648
692.736774 77.399 133.6338
697.756631 77.486 133.2001
702.812863 77.575 132.7632
707.905735 77.664 132.3199
713.035511 77.754 131.8685
718.202461 77.844 131.4117
723.406852 77.934 130.9531
728.648956 78.025 130.4926
733.929047 78.115 130.0273
739.247399 78.206 129.5561
744.604290 78.297 129.0775
750.000000 78.389 128.5926
755.434809 78.482 128.1024
760.909001 78.574 127.6050
766.422861 78.667 127.0992
771.976677 78.761 126.5873
777.570739 78.855 126.0712
783.205337 78.949 125.5501
788.880766 79.044 125.0227
794.597321 79.139 124.4884
800.355301 79.235 123.9475
806.155005 79.331 123.4011
811.996736 79.427 122.8477
817.880799 79.524 122.2857
823.807501 79.622 121.7145
829.777150 79.720 121.1350
835.790057 79.819 120.5478
841.846536 79.918 119.9533
847.946903 80.017 119.3522
854.091476 80.117 118.7438
860.280575 80.217 118.1266
866.514523 80.318 117.4992
872.793644 80.420 116.8615
879.118267 80.522 116.2146
885.488720 80.625 115.5593
891.905336 80.727 114.8951
898.368450 80.831 114.2208
904.878398 80.934 113.5352
911.435520 81.037 112.8376
918.040157 81.141 112.1279
924.692655 81.245 111.4070
931.393359 81.350 110.6746
938.142619 81.455 109.9305
944.940787 81.560 109.1747
951.788218 81.665 108.4062
958.685268 81.770 107.6252
965.632296 81.875 106.8323
972.629666 81.980 106.0269
979.677741 82.085 105.2077
986.776890 82.190 104.3742
993.927482 82.294 103.5264
1001.129891 82.398 102.6653
1008.384491 82.502 101.7906
1015.691660 82.605 100.9022
1023.051781 82.708 100.0005
1030.465236 82.810 99.0846
1037.932411 82.911 98.1551
1045.453698 83.011 97.2132
1053.029486 83.111 96.2564
1060.660172 83.209 95.2837
1068.346153 83.306 94.2989
1076.087829 83.402 93.3071
1083.885605 83.497 92.3087
1091.739887 83.592 91.2987
1099.651084 83.688 90.2705
1107.619609 83.782 89.2227
1115.645878 83.875 88.1575
1123.730308 83.967 87.0777
1131.873321 84.057 85.9879
1140.075341 84.145 84.8940
1148.336797 84.230 83.8005
1156.658119 84.313 82.7075
1165.039741 84.393 81.6103
1173.482099 84.470 80.5023
1181.985634 84.545 79.3807
1190.550789 84.619 78.2491
1199.178011 84.691 77.1127
1207.867749 84.761 75.9716
1216.620457 84.829 74.8252
1225.436590 84.896 73.6756
1234.316609 84.960 72.5233
1243.260976 85.023 71.3676
1252.270157 85.085 70.2096
1261.344623 85.144 69.0494
1270.484846 85.202 67.8880
1279.691303 85.258 66.7258
1288.964474 85.313 65.5629
1298.304842 85.366 64.3999
1307.712894 85.418 63.2373
1317.189120 85.468 62.0753
1326.734016 85.517 60.9140
1336.348077 85.564 59.7532
1346.031806 85.610 58.5941
1355.785708 85.654 57.4375
1365.610290 85.697 56.2833
1375.506065 85.739 55.1313
1385.473549 85.780 53.9821
1395.513261 85.819 52.8354
1405.625726 85.858 51.6910
1415.811469 85.896 50.5491
1426.071023 85.933 49.4104
1436.404921 85.969 48.2751
1446.813703 86.004 47.1438
1457.297912 86.038 46.0164
1467.858093 86.072 44.8928
1478.494798 86.105 43.7729
1489.208581 86.138 42.6557
1500.000000 86.170 41.5406
1510.869618 86.202 40.4279
1521.818002 86.233 39.3184
1532.845723 86.264 38.2125
1543.953355 86.294 37.1103
1555.141477 86.325 36.0110
1566.410674 86.355 34.9141
1577.761531 86.385 33.8196
1589.194642 86.414 32.7276
1600.710601 86.444 31.6381
1612.310010 86.474 30.5509
1623.993473 86.503 29.4650
1635.761599 86.533 28.3801
1647.615002 86.563 27.2966
1659.554299 86.593 26.2145
1671.580114 86.623 25.1332
1683.693072 86.654 24.0514
1695.893807 86.684 22.9691
1708.182952 86.715 21.8865
1720.561150 86.746 20.8030
1733.029045 86.777 19.7179
1745.587288 86.808 18.6305
1758.236533 86.840 17.5408
1770.977440 86.872 16.4493
1783.810673 86.904 15.3555
1796.736900 86.937 14.2579
1809.756796 86.970 13.1555
1822.871040 87.002 12.0487
1836.080315 87.036 10.9379
1849.385310 87.069 9.8221
1862.786718 87.103 8.7004
1876.285239 87.137 7.5723
1889.881575 87.171 6.4370
1903.576436 87.206 5.2933
1917.370535 87.241 4.1399
1931.264593 87.276 2.9752
1945.259332 87.310 1.7980
1959.355483 87.345 0.6070
1973.553781 87.379 -0.5982
1987.854965 87.412 -1.8174
2002.259781 87.444 -3.0503
2016.768981 87.475 -4.2976
2031.383320 87.505 -5.5597
2046.103561 87.532 -6.8356
2060.930471 87.557 -8.1235
2075.864823 87.580 -9.4211
2090.907395 87.601 -10.7257
2106.058972 87.619 -12.0348
2121.320344 87.636 -13.3474
2136.692305 87.653 -14.6649
2152.175658 87.669 -15.9923
2167.771210 87.684 -17.3369
2183.479774 87.699 -18.7054
2199.302169 87.711 -20.1017
2215.239219 87.720 -21.5250
2231.291755 87.724 -22.9711
2247.460615 87.723 -24.4346
2263.746641 87.716 -25.9109
2280.150683 87.703 -27.3962
2296.673595 87.686 -28.8881
2313.316238 87.662 -30.3846
2330.079481 87.633 -31.8842
2346.964198 87.598 -33.3846
2363.971268 87.556 -34.8839
2381.101578 87.508 -36.3788
2398.356022 87.454 -37.8668
2415.735498 87.392 -39.3447
2433.240913 87.324 -40.8085
2450.873180 87.249 -42.2531
2468.633217 87.167 -43.6742
2486.521951 87.078 -45.0675
2504.540314 86.984 -46.4290
2522.689246 86.883 -47.7548
2540.969692 86.776 -49.0413
2559.382606 86.665 -50.2863
2577.928947 86.548 -51.4880
2596.609683 86.427 -52.6442
2615.425787 86.301 -53.7511
2634.378241 86.172 -54.8045
2653.468031 86.039 -55.7998
2672.696154 85.904 -56.7328
2692.063613 85.767 -57.6007
2711.571415 85.630 -58.4022
2731.220579 85.494 -59.1389
2751.012130 85.359 -59.8150
2770.947098 85.226 -60.4334
2791.026522 85.095 -60.9934
2811.251451 84.968 -61.4913
2831.622938 84.844 -61.9229
2852.142045 84.726 -62.2889
2872.809842 84.616 -62.5972
2893.627406 84.516 -62.8618
2914.595823 84.427 -63.1024
2935.716186 84.348 -63.3406
2956.989596 84.278 -63.5934
2978.417161 84.212 -63.8659
3000.000000 84.150 -64.1511
3021.739237 84.090 -64.4385
3043.636005 84.031 -64.7215
3065.691446 83.976 -64.9994
3087.906710 83.923 -65.2740
3110.282955 83.873 -65.5477
3132.821347 83.825 -65.8234
3155.523062 83.781 -66.1015
3178.389283 83.739 -66.3821
3201.421202 83.699 -66.6677
3224.620020 83.659 -66.9583
3247.986946 83.619 -67.2498
3271.523198 83.580 -67.5413
3295.230004 83.542 -67.8379
3319.108599 83.505 -68.1450
3343.160228 83.470 -68.4640
3367.386145 83.437 -68.7897
3391.787613 83.404 -69.1165
3416.365904 83.372 -69.4437
3441.122300 83.339 -69.7715
3466.058091 83.307 -70.0985
3491.174576 83.274 -70.4236
3516.473066 83.240 -70.7462
3541.954880 83.206 -71.0660
3567.621345 83.172 -71.3825
3593.473800 83.137 -71.6942
3619.513592 83.101 -71.9996
3645.742080 83.065 -72.2977
3672.160630 83.028 -72.5884
3698.770620 82.990 -72.8719
3725.573436 82.952 -73.1477
3752.570477 82.913 -73.4151
3779.763150 82.873 -73.6736
3807.152872 82.833 -73.9219
3834.741071 82.792 -74.1591
3862.529185 82.750 -74.3837
3890.518664 82.708 -74.5949
3918.710966 82.665 -74.7932
3947.107561 82.622 -74.9788
3975.709929 82.578 -75.1508
4004.519563 82.534 -75.3079
4033.537962 82.489 -75.4491
4062.766641 82.445 -75.5741
4092.207123 82.402 -75.6832
4121.860942 82.359 -75.7781
4151.729646 82.316 -75.8599
4181.814790 82.275 -75.9311
4212.117944 82.235 -75.9940
4242.640687 82.195 -76.0502
4273.384610 82.156 -76.1009
4304.351317 82.117 -76.1460
4335.542421 82.078 -76.1859
4366.959549 82.040 -76.2209
4398.604338 82.001 -76.2518
4430.478438 81.962 -76.2802
4462.583511 81.923 -76.3057
4494.921231 81.882 -76.3278
4527.493283 81.841 -76.3469
4560.301365 81.798 -76.3624
4593.347189 81.754 -76.3732
4626.632476 81.708 -76.3794
4660.158962 81.661 -76.3809
4693.928395 81.611 -76.3770
4727.942535 81.560 -76.3663
4762.203156 81.506 -76.3475
4796.712043 81.451 -76.3207
4831.470996 81.393 -76.2870
4866.481826 81.332 -76.2460
4901.746360 81.268 -76.1973
4937.266434 81.201 -76.1407
4973.043902 81.130 -76.0752
5009.080628 81.055 -75.9985
5045.378492 80.975 -75.9096
5081.939384 80.892 -75.8078
5118.765212 80.803 -75.6903
5155.857894 80.708 -75.5530
5193.219366 80.608 -75.3932
5230.851574 80.502 -75.2074
5268.756481 80.389 -74.9907
5306.936062 80.270 -74.7391
5345.392309 80.145 -74.4486
5384.127225 80.012 -74.1140
5423.142830 79.874 -73.7288
5462.441159 79.729 -73.2871
5502.024259 79.579 -72.7833
5541.894195 79.423 -72.2125
5582.053045 79.262 -71.5701
5622.502902 79.097 -70.8510
5663.245876 78.928 -70.0507
5704.284090 78.757 -69.1654
5745.619684 78.583 -68.1901
5787.254813 78.407 -67.1212
5829.191647 78.230 -65.9564
5871.432373 78.054 -64.6943
5913.979192 77.879 -63.3337
5956.834323 77.706 -61.8737
6000.000000 77.536 -60.3163
6043.478473 77.371 -58.6649
6087.272010 77.211 -56.9224
6131.382892 77.058 -55.0919
6175.813420 76.911 -53.1770
6220.565910 76.772 -51.1821
6265.642695 76.642 -49.1117
6311.046124 76.521 -46.9703
6356.778566 76.411 -44.7628
6402.842404 76.311 -42.4951
6449.240040 76.223 -40.1736
6495.973891 76.145 -37.8037
6543.046396 76.079 -35.3914
6590.460007 76.023 -32.9436
6638.217197 75.978 -30.4648
6686.320456 75.943 -27.9564
6734.772290 75.916 -25.4201
6783.575226 75.898 -22.8572
6832.731809 75.889 -20.2665
6882.244600 75.887 -17.6445
6932.116181 75.894 -14.9876
6982.349153 75.910 -12.2935
7032.946133 75.935 -9.5608
7083.909760 75.971 -6.7906
7135.242690 76.019 -3.9861
7186.947600 76.081 -1.1516
7239.027185 76.157 1.7075
7291.484160 76.249 4.5846
7344.321260 76.359 7.4714
7397.541239 76.489 10.3571
7451.146872 76.639 13.2265
7505.140954 76.812 16.0614
7559.526299 77.010 18.8385
7614.305743 77.233 21.5276
7669.482141 77.482 24.0929
7725.058371 77.756 26.4935
7781.037328 78.052 28.6824
7837.421932 78.368 30.6059
7894.215122 78.698 32.2087
7951.419859 79.030 33.4396
8009.039125 79.353 34.2581
8067.075924 79.651 34.6454
8125.533282 79.907 34.6144
8184.414245 80.103 34.2141
8243.721885 80.224 33.5321
8303.459292 80.259 32.6906
8363.629581 80.203 31.8341
8424.235888 80.057 31.1129
8485.281374 79.828 30.6662
8546.769221 79.529 30.6056
8608.702634 79.178 31.0047
8671.084842 78.791 31.8971
8733.919097 78.386 33.2804
8797.208675 77.976 35.1238
8860.956876 77.572 37.3788
8925.167022 77.181 39.9892
8989.842461 76.808 42.8955
9054.986566 76.458 46.0281
9120.602731 76.133 49.2791
9186.694378 75.835 52.4444
9253.264952 75.561 55.1817
9320.317925 75.294 57.1499
9387.856790 75.026 58.2530
9455.885071 74.767 58.6886
9524.406312 74.524 58.7668
9593.424086 74.296 58.7036
9662.941992 74.078 58.5999
9732.963653 73.868 58.4930
9803.492719 73.663 58.3928
9874.532869 73.463 58.2987
9946.087805 73.265 58.2123
10018.161257 73.068 58.1408
10090.756983 72.871 58.0951
10163.878768 72.676 58.0842
10237.530423 72.483 58.1129
10311.715789 72.293 58.1835
10386.438732 72.108 58.2976
10461.703149 71.929 58.4567
10537.512962 71.757 58.6609
10613.872125 71.592 58.9083
10690.784618 71.436 59.1961
10768.254450 71.290 59.5185
10846.285661 71.154 59.8655
10924.882318 71.028 60.2242
11004.048518 70.910 60.5822
11083.788390 70.798 60.9344
11164.106090 70.690 61.2858
11245.005805 70.588 61.6465
11326.491752 70.490 62.0261
11408.568180 70.400 62.4292
11491.239368 70.320 62.8510
11574.509626 70.252 63.2816
11658.383294 70.195 63.7106
11742.864745 70.149 64.1307
11827.958384 70.112 64.5436
11913.668646 70.083 64.9570
12000.000000 70.062 65.3786
12086.956947 70.050 65.8112
12174.544019 70.048 66.2514
12262.765784 70.058 66.6897
12351.626840 70.081 67.1129
12441.131819 70.117 67.5107
12531.285389 70.164 67.8805
12622.092249 70.223 68.2276
12713.557132 70.293 68.5578
12805.684808 70.375 68.8726
12898.480079 70.470 69.1689
12991.947783 70.579 69.4415
13086.092792 70.703 69.6838
13180.920015 70.842 69.8906
13276.434395 70.998 70.0592
13372.640911 71.172 70.1884
13469.544580 71.364 70.2774
13567.150452 71.577 70.3235
13665.463617 71.811 70.3227
13764.489200 72.070 70.2664
13864.232362 72.357 70.1423
13964.698305 72.675 69.9380
14065.892266 73.030 69.6367
14167.819519 73.429 69.2063
14270.485380 73.877 68.5929
14373.895200 74.381 67.7250
14478.054370 74.945 66.5186
14582.968320 75.568 64.8799
14688.642520 76.249 62.7044
14795.082478 76.982 59.8746
14902.293745 77.757 56.2587
15010.281908 78.555 51.7126
15119.052599 79.351 46.0940
15228.611486 80.109 39.2903
15338.964283 80.783 31.2524
15450.116741 81.317 22.0265
15562.074656 81.656 11.7830
15674.843864 81.754 0.8262
15788.430244 81.580 -10.4333
15902.839718 81.125 -21.5399
16018.078250 80.406 -32.0636
16134.151848 79.457 -41.6555
16251.066563 78.326 -50.0779
16368.828491 77.064 -57.2104
16487.443769 75.723 -63.0314
16606.918584 74.347 -67.5864
16727.259161 72.972 -70.9641
16848.471777 71.627 -73.2805
16970.562748 70.335 -74.6658
17093.538442 69.109 -75.2535
17217.405268 67.962 -75.1725
17342.169684 66.898 -74.5357
17467.838194 65.920 -73.4402
17594.417350 65.033 -71.9752
17721.913751 64.236 -70.2249
17850.334044 63.532 -68.2707
17979.684923 62.918 -66.1882
18109.973131 62.393 -64.0436
18241.205462 61.958 -61.9039
18373.388756 61.612 -59.8478
18506.529905 61.355 -57.9611
18640.635849 61.183 -56.3370
18775.713581 61.088 -55.0845
18911.770141 61.056 -54.3285
19048.812624 61.065 -54.1864
19186.848172 61.090 -54.7371
19325.883983 61.099 -55.9932
19465.927305 61.067 -57.8877
19606.985439 60.977 -60.2816
19749.065738 60.837 -62.9453
19892.175609 60.688 -65.4829
20036.322514 60.596 -67.1978
