* Measurement data measured by REW V5.31.3
* Source: AUDIO [plughw:1,0], Headset (Headset), 0, volume: 0.791
* Format: 256k Log Swept Sine, 1 sweep at -12.0 dBFS with no timing reference
* Dated: 08 31, 26 11:31:53 AM
* REW Settings:
*  C-weighting compensation: Off
*  Target level: 75.0 dB
* Note: ; 
* Measurement: Samsung GB 3 FE Default R
* Smoothing: 1/24 octave
* Frequency Step: 96 ppo
* Start Frequency: 0.36621094 Hz
*
* Freq(Hz) SPL(dB) Phase(degrees)
0.366211 32.889 53.7482
0.368865 32.923 53.6962
0.371538 32.973 53.6218
0.374230 33.029 53.5385
0.376942 33.087 53.4521
0.379673 33.146 53.3650
0.382424 33.206 53.2777
0.385196 33.267 53.1906
0.387987 33.328 53.1036
0.390798 33.389 53.0168
0.393630 33.451 52.9301
0.396483 33.513 52.8435
0.399356 33.576 52.7570
0.402250 33.639 52.6707
0.405165 33.703 52.5844
0.408101 33.767 52.4981
0.411058 33.831 52.4119
0.414037 33.896 52.3258
0.417037 33.962 52.2396
0.420059 34.028 52.1534
0.423103 34.094 52.0672
0.426169 34.161 51.9810
0.429257 34.229 51.8946
0.432368 34.296 51.8081
0.435501 34.365 51.7216
0.438656 34.434 51.6348
0.441835 34.503 51.5479
0.445037 34.573 51.4607
0.448262 34.643 51.3733
0.451510 34.714 51.2857
0.454782 34.786 51.1977
0.458077 34.858 51.1094
0.461397 34.930 51.0208
0.464740 35.003 50.9317
0.468108 35.077 50.8422
0.471500 35.151 50.7523
0.474917 35.225 50.6618
0.478358 35.301 50.5709
0.481825 35.376 50.4793
0.485316 35.452 50.3871
0.488833 35.529 50.2943
0.492375 35.607 50.2008
0.495943 35.684 50.1066
0.499537 35.763 50.0116
0.503157 35.842 49.9158
0.506803 35.921 49.8192
0.510475 36.002 49.7217
0.514175 36.082 49.6232
0.517900 36.164 49.5237
0.521653 36.246 49.4233
0.525434 36.328 49.3217
0.529241 36.411 49.2191
0.533076 36.495 49.1153
0.536939 36.579 49.0103
0.540830 36.664 48.9041
0.544749 36.750 48.7965
0.548696 36.836 48.6877
0.552673 36.923 48.5774
0.556677 37.010 48.4657
0.560711 37.098 48.3525
0.564774 37.187 48.2377
0.568867 37.276 48.1214
0.572989 37.366 48.0034
0.577141 37.457 47.8838
0.581324 37.548 47.7624
0.585536 37.640 47.6392
0.589779 37.733 47.5141
0.594053 37.826 47.3872
0.598358 37.920 47.2583
0.602694 38.015 47.1274
0.607061 38.110 46.9944
0.611460 38.206 46.8593
0.615891 38.303 46.7221
0.620354 38.401 46.5826
0.624849 38.499 46.4409
0.629377 38.598 46.2968
0.633938 38.697 46.1503
0.638532 38.797 46.0013
0.643159 38.898 45.8499
0.647819 39.000 45.6959
0.652514 39.103 45.5392
0.657242 39.206 45.3799
0.662005 39.310 45.2178
0.666802 39.415 45.0530
0.671634 39.520 44.8852
0.676501 39.626 44.7145
0.681403 39.734 44.5409
0.686341 39.841 44.3642
0.691314 39.950 44.1844
0.696324 40.059 44.0014
0.701370 40.169 43.8152
0.706452 40.280 43.6257
0.711571 40.392 43.4328
0.716728 40.504 43.2366
0.721921 40.617 43.0371
0.727153 40.729 42.8344
0.732422 40.838 42.6295
0.737729 40.944 42.4235
0.743075 41.046 42.2177
0.748460 41.147 42.0130
0.753883 41.248 41.8095
0.759346 41.349 41.6072
0.764849 41.450 41.4062
0.770391 41.551 41.2062
0.775974 41.652 41.0074
0.781597 41.753 40.8095
0.787261 41.854 40.6124
0.792966 41.956 40.4163
0.798712 42.057 40.2208
0.804500 42.159 40.0259
0.810329 42.260 39.8316
0.816201 42.362 39.6377
0.822116 42.464 39.4441
0.828073 42.566 39.2508
0.834074 42.669 39.0576
0.840118 42.771 38.8646
0.846206 42.873 38.6714
0.852338 42.976 38.4781
0.858514 43.079 38.2846
0.864735 43.182 38.0907
0.871001 43.285 37.8963
0.877313 43.388 37.7014
0.883670 43.492 37.5059
0.890074 43.595 37.3095
0.896524 43.699 37.1124
0.903020 43.803 36.9142
0.909564 43.907 36.7149
0.916155 44.012 36.5145
0.922794 44.116 36.3127
0.929481 44.221 36.1096
0.936216 44.326 35.9049
0.943000 44.432 35.6986
0.949834 44.538 35.4905
0.956717 44.644 35.2807
0.963649 44.750 35.0688
0.970632 44.856 34.8549
0.977666 44.963 34.6388
0.984750 45.071 34.4204
0.991886 45.178 34.1995
0.999074 45.286 33.9762
1.006314 45.395 33.7502
1.013606 45.504 33.5215
1.020951 45.613 33.2899
1.028349 45.723 33.0553
1.035801 45.833 32.8176
1.043307 45.944 32.5767
1.050867 46.055 32.3324
1.058482 46.167 32.0847
1.066152 46.279 31.8335
1.073878 46.392 31.5785
1.081660 46.506 31.3199
1.089498 46.620 31.0577
1.097393 46.735 30.7925
1.105345 46.850 30.5252
1.113355 46.966 30.2571
1.121423 47.082 29.9889
1.129549 47.198 29.7208
1.137734 47.314 29.4529
1.145979 47.430 29.1850
1.154283 47.546 28.9173
1.162647 47.663 28.6496
1.171072 47.780 28.3819
1.179558 47.896 28.1140
1.188106 48.014 27.8459
1.196715 48.131 27.5775
1.205387 48.248 27.3088
1.214122 48.366 27.0397
1.222920 48.483 26.7701
1.231782 48.601 26.4999
1.240708 48.720 26.2290
1.249699 48.838 25.9574
1.258754 48.956 25.6850
1.267876 49.075 25.4117
1.277063 49.194 25.1374
1.286318 49.313 24.8621
1.295639 49.433 24.5856
1.305027 49.552 24.3078
1.314484 49.672 24.0288
1.324009 49.792 23.7483
1.333604 49.912 23.4663
1.343268 50.033 23.1828
1.353002 50.154 22.8976
1.362806 50.275 22.6106
1.372681 50.396 22.3218
1.382628 50.518 22.0310
1.392647 50.640 21.7382
1.402739 50.763 21.4433
1.412904 50.885 21.1462
1.423142 51.009 20.8468
1.433455 51.132 20.5450
1.443843 51.256 20.2409
1.454305 51.380 19.9346
1.464844 51.505 19.6269
1.475459 51.629 19.3190
1.486150 51.754 19.0119
1.496920 51.879 18.7062
1.507767 52.004 18.4020
1.518693 52.129 18.0991
1.529698 52.254 17.7972
1.540783 52.379 17.4961
1.551948 52.505 17.1955
1.563194 52.630 16.8951
1.574521 52.755 16.5947
1.585931 52.881 16.2939
1.597423 53.006 15.9926
1.608999 53.132 15.6904
1.620658 53.257 15.3870
1.632402 53.383 15.0822
1.644232 53.509 14.7757
1.656146 53.635 14.4673
1.668147 53.761 14.1567
1.680235 53.887 13.8435
1.692411 54.013 13.5276
1.704675 54.139 13.2086
1.717028 54.266 12.8864
1.729470 54.392 12.5606
1.742003 54.519 12.2310
1.754626 54.646 11.8973
1.767341 54.773 11.5592
1.780147 54.901 11.2166
1.793047 55.028 10.8692
1.806040 55.156 10.5168
1.819128 55.284 10.1595
1.832310 55.412 9.7980
1.845587 55.540 9.4334
1.858961 55.668 9.0669
1.872432 55.796 8.6990
1.886001 55.924 8.3300
1.899667 56.052 7.9599
1.913433 56.179 7.5888
1.927299 56.307 7.2165
1.941265 56.434 6.8430
1.955332 56.562 6.4682
1.969501 56.689 6.0920
1.983773 56.816 5.7144
1.998148 56.943 5.3351
2.012627 57.070 4.9541
2.027212 57.197 4.5713
2.041902 57.324 4.1865
2.056698 57.451 3.7996
2.071602 57.578 3.4104
2.086614 57.704 3.0187
2.101734 57.831 2.6244
2.116964 57.958 2.2272
2.132304 58.085 1.8271
2.147756 58.212 1.4238
2.163320 58.339 1.0171
2.178996 58.466 0.6070
2.194786 58.593 0.1935
2.210690 58.719 -0.2229
2.226710 58.846 -0.6417
2.242845 58.972 -1.0624
2.259098 59.099 -1.4850
2.275468 59.224 -1.9091
2.291957 59.350 -2.3349
2.308566 59.475 -2.7622
2.325295 59.600 -3.1911
2.342145 59.725 -3.6215
2.359117 59.849 -4.0535
2.376212 59.974 -4.4870
2.393431 60.098 -4.9222
2.410775 60.221 -5.3591
2.428244 60.345 -5.7977
2.445840 60.468 -6.2382
2.463564 60.592 -6.6807
2.481416 60.715 -7.1253
2.499397 60.838 -7.5721
2.517509 60.961 -8.0212
2.535752 61.083 -8.4729
2.554127 61.206 -8.9272
2.572635 61.328 -9.3844
2.591277 61.450 -9.8443
2.610055 61.572 -10.3070
2.628968 61.693 -10.7721
2.648019 61.814 -11.2395
2.667208 61.934 -11.7090
2.686535 62.054 -12.1804
2.706003 62.173 -12.6535
2.725612 62.292 -13.1283
2.745363 62.411 -13.6045
2.765257 62.529 -14.0821
2.785295 62.647 -14.5610
2.805478 62.765 -15.0412
2.825808 62.882 -15.5225
2.846285 62.999 -16.0050
2.866910 63.116 -16.4887
2.887685 63.232 -16.9736
2.908611 63.348 -17.4600
2.929688 63.464 -17.9482
2.950917 63.580 -18.4387
2.972301 63.695 -18.9321
2.993839 63.809 -19.4283
3.015534 63.923 -19.9271
3.037386 64.036 -20.4282
3.059396 64.149 -20.9312
3.081565 64.261 -21.4358
3.103896 64.373 -21.9417
3.126388 64.484 -22.4484
3.149043 64.594 -22.9559
3.171862 64.704 -23.4637
3.194847 64.814 -23.9716
3.217998 64.924 -24.4795
3.241317 65.033 -24.9872
3.264805 65.141 -25.4946
3.288463 65.250 -26.0021
3.312293 65.358 -26.5105
3.336295 65.465 -27.0206
3.360471 65.572 -27.5329
3.384822 65.678 -28.0473
3.409350 65.783 -28.5634
3.434056 65.888 -29.0808
3.458940 65.992 -29.5990
3.484005 66.095 -30.1178
3.509252 66.198 -30.6365
3.534681 66.301 -31.1549
3.560295 66.403 -31.6726
3.586094 66.504 -32.1892
3.612081 66.606 -32.7046
3.638255 66.707 -33.2186
3.664620 66.807 -33.7318
3.691175 66.907 -34.2451
3.717923 67.006 -34.7595
3.744864 67.105 -35.2751
3.772001 67.203 -35.7917
3.799335 67.300 -36.3090
3.826866 67.397 -36.8264
3.854597 67.493 -37.3435
3.882529 67.589 -37.8599
3.910664 67.684 -38.3750
3.939002 67.779 -38.8884
3.967546 67.874 -39.3997
3.996296 67.968 -39.9087
4.025255 68.062 -40.4157
4.054423 68.156 -40.9212
4.083804 68.249 -41.4263
4.113396 68.341 -41.9313
4.143204 68.433 -42.4360
4.173227 68.524 -42.9404
4.203468 68.615 -43.4440
4.233928 68.705 -43.9465
4.264609 68.796 -44.4476
4.295512 68.885 -44.9469
4.326639 68.975 -45.4441
4.357992 69.064 -45.9389
4.389572 69.154 -46.4315
4.421380 69.243 -46.9221
4.453419 69.331 -47.4113
4.485691 69.420 -47.8996
4.518196 69.507 -48.3868
4.550936 69.595 -48.8730
4.583914 69.682 -49.3581
4.617131 69.769 -49.8419
4.650589 69.856 -50.3243
4.684289 69.943 -50.8051
4.718233 70.029 -51.2842
4.752424 70.116 -51.7616
4.786862 70.203 -52.2373
4.821549 70.290 -52.7115
4.856488 70.376 -53.1845
4.891680 70.462 -53.6564
4.927127 70.548 -54.1274
4.962831 70.634 -54.5976
4.998794 70.720 -55.0671
5.035017 70.806 -55.5362
5.071503 70.892 -56.0047
5.108253 70.978 -56.4729
5.145270 71.064 -56.9406
5.182555 71.150 -57.4077
5.220110 71.237 -57.8744
5.257937 71.323 -58.3407
5.296038 71.409 -58.8069
5.334415 71.495 -59.2732
5.373071 71.581 -59.7401
5.412006 71.667 -60.2076
5.451224 71.754 -60.6762
5.490725 71.840 -61.1458
5.530514 71.926 -61.6163
5.570590 72.013 -62.0877
5.610957 72.099 -62.5599
5.651616 72.186 -63.0331
5.692570 72.272 -63.5075
5.733821 72.359 -63.9833
5.775370 72.445 -64.4607
5.817221 72.531 -64.9400
5.859375 72.618 -65.4212
5.901834 72.704 -65.9046
5.944602 72.790 -66.3899
5.987679 72.876 -66.8773
6.031068 72.962 -67.3665
6.074771 73.048 -67.8576
6.118792 73.133 -68.3506
6.163131 73.219 -68.8456
6.207792 73.304 -69.3426
6.252776 73.389 -69.8419
6.298086 73.474 -70.3436
6.343725 73.558 -70.8477
6.389694 73.643 -71.3541
6.435996 73.727 -71.8624
6.482634 73.811 -72.3724
6.529610 73.894 -72.8839
6.576926 73.977 -73.3967
6.624585 74.060 -73.9113
6.672590 74.143 -74.4278
6.720942 74.225 -74.9464
6.769645 74.307 -75.4667
6.818700 74.388 -75.9884
6.868111 74.469 -76.5112
6.917881 74.550 -77.0346
6.968010 74.631 -77.5589
7.018504 74.711 -78.0841
7.069362 74.791 -78.6106
7.120590 74.871 -79.1383
7.172189 74.951 -79.6670
7.224161 75.030 -80.1966
7.276511 75.109 -80.7268
7.329239 75.188 -81.2575
7.382350 75.267 -81.7887
7.435845 75.345 -82.3208
7.489729 75.424 -82.8539
7.544002 75.502 -83.3881
7.598669 75.580 -83.9236
7.653732 75.659 -84.4605
7.709194 75.737 -84.9986
7.765058 75.815 -85.5381
7.821327 75.894 -86.0789
7.878004 75.972 -86.6217
7.935091 76.050 -87.1668
7.992592 76.129 -87.7148
8.050510 76.207 -88.2658
8.108847 76.286 -88.8199
8.167607 76.365 -89.3770
8.226793 76.443 -89.9374
8.286408 76.522 -90.5017
8.346454 76.601 -91.0706
8.406936 76.680 -91.6445
8.467856 76.759 -92.2236
8.529218 76.837 -92.8079
8.591024 76.916 -93.3975
8.653278 76.995 -93.9927
8.715983 77.073 -94.5938
8.779143 77.151 -95.2015
8.842760 77.229 -95.8159
8.906839 77.306 -96.4371
8.971381 77.383 -97.0650
9.036392 77.459 -97.6993
9.101873 77.535 -98.3401
9.167829 77.610 -98.9876
9.234263 77.684 -99.6422
9.301178 77.758 -100.3038
9.368578 77.831 -100.9719
9.436467 77.903 -101.6457
9.504847 77.973 -102.3248
9.573723 78.043 -103.0096
9.643099 78.111 -103.7004
9.712976 78.179 -104.3966
9.783361 78.245 -105.0973
9.854255 78.310 -105.8015
9.925663 78.374 -106.5092
9.997588 78.437 -107.2207
10.070035 78.498 -107.9360
10.143007 78.558 -108.6541
10.216507 78.617 -109.3742
10.290540 78.675 -110.0959
10.365109 78.732 -110.8197
10.440219 78.787 -111.5457
10.515873 78.842 -112.2735
10.592076 78.895 -113.0026
10.668830 78.948 -113.7331
10.746141 78.999 -114.4654
10.824012 79.050 -115.1997
10.902447 79.099 -115.9364
10.981451 79.148 -116.6756
11.061027 79.196 -117.4175
11.141180 79.243 -118.1628
11.221913 79.289 -118.9118
11.303232 79.334 -119.6650
11.385140 79.378 -120.4230
11.467641 79.421 -121.1863
11.550741 79.462 -121.9550
11.634442 79.503 -122.7292
11.718750 79.541 -123.5091
11.803669 79.578 -124.2953
11.889203 79.614 -125.0877
11.975357 79.647 -125.8853
12.062136 79.678 -126.6873
12.149543 79.707 -127.4936
12.237583 79.733 -128.3040
12.326262 79.756 -129.1169
12.415583 79.776 -129.9298
12.505552 79.794 -130.7414
12.596172 79.808 -131.5517
12.687449 79.820 -132.3585
12.779387 79.828 -133.1586
12.871992 79.833 -133.9498
12.965268 79.836 -134.7319
13.059220 79.835 -135.5031
13.153852 79.833 -136.2607
13.249170 79.828 -137.0028
13.345179 79.821 -137.7292
13.441884 79.812 -138.4396
13.539289 79.803 -139.1331
13.637401 79.792 -139.8092
13.736223 79.782 -140.4686
13.835761 79.770 -141.1131
13.936021 79.760 -141.7443
14.037007 79.750 -142.3630
14.138725 79.740 -142.9713
14.241180 79.731 -143.5726
14.344377 79.723 -144.1696
14.448323 79.716 -144.7636
14.553021 79.709 -145.3569
14.658478 79.703 -145.9523
14.764700 79.696 -146.5514
14.871691 79.689 -147.1543
14.979457 79.681 -147.7612
15.088005 79.672 -148.3725
15.197339 79.662 -148.9874
15.307465 79.649 -149.6035
15.418389 79.635 -150.2183
15.530117 79.618 -150.8304
15.642655 79.598 -151.4367
15.756008 79.576 -152.0336
15.870182 79.553 -152.6187
15.985184 79.527 -153.1902
16.101019 79.500 -153.7459
16.217694 79.472 -154.2842
16.335214 79.443 -154.8052
16.453586 79.415 -155.3100
16.572815 79.388 -155.7997
16.692909 79.361 -156.2763
16.813872 79.337 -156.7437
16.935713 79.313 -157.2054
17.058436 79.291 -157.6643
17.182048 79.271 -158.1245
17.306556 79.251 -158.5896
17.431967 79.232 -159.0612
17.558286 79.213 -159.5407
17.685521 79.192 -160.0290
17.813677 79.171 -160.5247
17.942762 79.147 -161.0253
18.072783 79.121 -161.5281
18.203746 79.092 -162.0293
18.335658 79.060 -162.5236
18.468526 79.025 -163.0071
18.602356 78.988 -163.4756
18.737156 78.949 -163.9249
18.872934 78.908 -164.3526
19.009695 78.867 -164.7578
19.147447 78.826 -165.1400
19.286197 78.786 -165.5007
19.425953 78.748 -165.8433
19.566721 78.712 -166.1709
19.708510 78.678 -166.4882
19.851326 78.647 -166.8005
19.995177 78.617 -167.1113
20.140070 78.590 -167.4248
20.286013 78.564 -167.7438
20.433014 78.539 -168.0696
20.581080 78.514 -168.4026
20.730219 78.489 -168.7423
20.880439 78.463 -169.0869
21.031747 78.436 -169.4346
21.184152 78.409 -169.7836
21.337661 78.381 -170.1322
21.492282 78.352 -170.4797
21.648024 78.322 -170.8259
21.804895 78.293 -171.1712
21.962902 78.263 -171.5170
22.122054 78.233 -171.8645
22.282360 78.202 -172.2144
22.443827 78.169 -172.5669
22.606464 78.136 -172.9211
22.770280 78.100 -173.2743
22.935283 78.063 -173.6231
23.101481 78.023 -173.9624
23.268884 77.981 -174.2873
23.437500 77.937 -174.5927
23.607338 77.893 -174.8748
23.778406 77.849 -175.1322
23.950714 77.807 -175.3656
24.124271 77.768 -175.5790
24.299086 77.734 -175.7793
24.475167 77.704 -175.9750
24.652524 77.679 -176.1764
24.831166 77.658 -176.3924
25.011103 77.640 -176.6312
25.192344 77.624 -176.8975
25.374898 77.608 -177.1927
25.558775 77.591 -177.5150
25.743984 77.571 -177.8585
25.930536 77.547 -178.2162
26.118439 77.520 -178.5794
26.307704 77.490 -178.9406
26.498341 77.456 -179.2928
26.690359 77.420 -179.6321
26.883768 77.383 -179.9569
27.078579 77.346 179.7327
27.274801 77.308 179.4346
27.472446 77.270 179.1468
27.671522 77.233 178.8676
27.872042 77.195 178.5965
28.074014 77.156 178.3342
28.277450 77.117 178.0824
28.482360 77.077 177.8429
28.688755 77.038 177.6172
28.896645 76.998 177.4055
29.106042 76.960 177.2062
29.316957 76.923 177.0169
29.529400 76.887 176.8340
29.743382 76.853 176.6542
29.958915 76.819 176.4746
30.176009 76.786 176.2933
30.394677 76.753 176.1094
30.614929 76.720 175.9229
30.836778 76.686 175.7337
31.060234 76.652 175.5420
31.285309 76.616 175.3482
31.512015 76.580 175.1530
31.740364 76.541 174.9587
31.970368 76.501 174.7686
32.202039 76.458 174.5872
32.435388 76.415 174.4192
32.670428 76.371 174.2672
32.907171 76.327 174.1306
33.145630 76.286 174.0037
33.385817 76.248 173.8773
33.627745 76.213 173.7396
33.871425 76.179 173.5795
34.116871 76.146 173.3911
34.364096 76.110 173.1752
34.613113 76.070 172.9404
34.863934 76.025 172.7009
35.116572 75.974 172.4719
35.371041 75.920 172.2663
35.627354 75.865 172.0893
35.885525 75.811 171.9378
36.145566 75.760 171.8015
36.407492 75.711 171.6668
36.671316 75.665 171.5236
36.937051 75.619 171.3678
37.204712 75.571 171.2036
37.474313 75.521 171.0411
37.745867 75.468 170.8914
38.019389 75.415 170.7620
38.294893 75.363 170.6528
38.572394 75.314 170.5563
38.851905 75.267 170.4608
39.133442 75.223 170.3553
39.417019 75.179 170.2346
39.702651 75.134 170.1021
39.990353 75.085 169.9673
40.280140 75.033 169.8424
40.572026 74.979 169.7368
40.866028 74.926 169.6529
41.162160 74.873 169.5867
41.460438 74.822 169.5308
41.760877 74.772 169.4788
42.063494 74.722 169.4285
42.368303 74.672 169.3829
42.675322 74.621 169.3464
42.984565 74.570 169.3201
43.296048 74.521 169.3002
43.609789 74.472 169.2794
43.925804 74.423 169.2526
44.244108 74.372 169.2234
44.564719 74.316 169.2059
44.887654 74.257 169.2192
45.212928 74.197 169.2764
45.540560 74.140 169.3751
45.870565 74.090 169.4943
46.202962 74.048 169.6010
46.537768 74.009 169.6661
46.875000 73.969 169.6789
47.214676 73.922 169.6533
47.556813 73.866 169.6209
47.901429 73.802 169.6157
48.248542 73.734 169.6596
48.598171 73.665 169.7562
48.950334 73.602 169.8919
49.305048 73.545 170.0418
49.662333 73.496 170.1771
50.022206 73.451 170.2711
50.384688 73.409 170.3076
50.749796 73.362 170.2899
51.117550 73.308 170.2449
51.487969 73.243 170.2168
51.861072 73.174 170.2478
52.236879 73.106 170.3556
52.615409 73.048 170.5209
52.996681 73.003 170.6987
53.380717 72.968 170.8451
53.767536 72.938 170.9417
54.157158 72.906 170.9992
54.549603 72.872 171.0414
54.944892 72.834 171.0882
55.343045 72.794 171.1512
55.744084 72.751 171.2405
56.148028 72.707 171.3692
56.554900 72.663 171.5446
56.964720 72.624 171.7543
57.377510 72.591 171.9656
57.793291 72.561 172.1461
58.212085 72.529 172.2887
58.633914 72.490 172.4167
59.058799 72.444 172.5610
59.486764 72.397 172.7328
59.917829 72.352 172.9152
60.352019 72.309 173.0841
60.789354 72.264 173.2336
61.229859 72.216 173.3785
61.673556 72.169 173.5328
62.120468 72.124 173.6897
62.570618 72.084 173.8260
63.024031 72.044 173.9293
63.480729 72.002 174.0150
63.940736 71.957 174.1149
64.404077 71.913 174.2466
64.870776 71.874 174.3970
65.340856 71.841 174.5379
65.814343 71.809 174.6552
66.291261 71.774 174.7609
66.771635 71.735 174.8778
67.255489 71.695 175.0175
67.742850 71.653 175.1783
68.233743 71.611 175.3582
68.728193 71.567 175.5612
69.226226 71.524 175.7850
69.727867 71.484 176.0117
70.233144 71.446 176.2172
70.742083 71.404 176.3948
71.254709 71.358 176.5637
71.771050 71.306 176.7523
72.291132 71.255 176.9741
72.814984 71.207 177.2185
73.342631 71.163 177.4632
73.874102 71.122 177.6946
74.409424 71.082 177.9164
74.948626 71.043 178.1390
75.491734 71.006 178.3615
76.038779 70.972 178.5719
76.589787 70.936 178.7676
77.144788 70.898 178.9649
77.703811 70.858 179.1810
78.266885 70.820 179.4099
78.834039 70.783 179.6318
79.405303 70.744 179.8420
79.980706 70.702 -179.9445
80.560280 70.658 -179.7170
81.144053 70.615 -179.4813
81.732056 70.571 -179.2456
82.324320 70.527 -179.0068
82.920876 70.483 -178.7562
83.521755 70.439 -178.4896
84.126988 70.398 -178.2101
84.736607 70.360 -177.9285
85.350643 70.325 -177.6593
85.969129 70.289 -177.4079
86.592097 70.251 -177.1639
87.219579 70.209 -176.9129
87.851608 70.164 -176.6438
88.488217 70.116 -176.3417
89.129439 70.068 -175.9930
89.775308 70.025 -175.6141
90.425856 69.987 -175.2473
91.081119 69.949 -174.9108
91.741131 69.910 -174.5793
92.405925 69.871 -174.2383
93.075536 69.836 -173.9103
93.750000 69.801 -173.6058
94.429351 69.763 -173.2971
95.113625 69.726 -172.9692
95.802858 69.693 -172.6424
96.497085 69.659 -172.3265
97.196342 69.624 -172.0007
97.900667 69.588 -171.6496
98.610096 69.554 -171.2837
99.324665 69.522 -170.9229
100.044413 69.488 -170.5758
100.769376 69.452 -170.2280
101.499592 69.414 -169.8570
102.235100 69.378 -169.4644
102.975938 69.347 -169.0747
103.722144 69.317 -168.7038
104.473757 69.288 -168.3498
105.230817 69.258 -168.0059
105.993363 69.226 -167.6634
106.761435 69.192 -167.3108
107.535072 69.155 -166.9378
108.314315 69.119 -166.5403
109.099206 69.086 -166.1285
109.889783 69.057 -165.7265
110.686090 69.029 -165.3498
111.488167 69.001 -164.9895
112.296056 68.974 -164.6288
113.109800 68.948 -164.2585
113.929440 68.924 -163.8708
114.755020 68.901 -163.4614
115.586582 68.877 -163.0262
116.424170 68.851 -162.5506
117.267827 68.821 -162.0086
118.117598 68.793 -161.3724
118.973527 68.781 -160.7005
119.835658 68.782 -160.1866
120.704037 68.772 -159.9262
121.578708 68.733 -159.7591
122.459718 68.677 -159.5164
123.347111 68.624 -159.1974
124.240935 68.580 -158.8592
125.141236 68.546 -158.5287
126.048061 68.516 -158.1903
126.961458 68.489 -157.8063
127.881473 68.465 -157.3718
128.808154 68.441 -156.9064
129.741551 68.416 -156.4257
130.681712 68.388 -155.9576
131.628686 68.354 -155.5356
132.582521 68.311 -155.1645
133.543269 68.256 -154.7942
134.510979 68.198 -154.3297
135.485701 68.156 -153.7564
136.467486 68.136 -153.1854
137.456386 68.130 -152.6816
138.452451 68.128 -152.2126
139.455735 68.127 -151.7559
140.466288 68.124 -151.3239
141.484165 68.113 -150.9227
142.509418 68.093 -150.5339
143.542100 68.065 -150.1380
144.582265 68.032 -149.7261
145.629968 67.997 -149.2891
146.685262 67.963 -148.8116
147.748204 67.933 -148.2895
148.818849 67.909 -147.7443
149.897251 67.888 -147.2087
150.983469 67.867 -146.6977
152.077557 67.842 -146.1972
153.179574 67.812 -145.6900
154.289576 67.782 -145.1722
155.407622 67.752 -144.6497
156.533770 67.726 -144.1387
157.668078 67.699 -143.6551
158.810606 67.670 -143.1855
159.961413 67.639 -142.7129
161.120559 67.607 -142.2287
162.288105 67.576 -141.7356
163.464112 67.547 -141.2465
164.648640 67.518 -140.7660
165.841752 67.488 -140.2840
167.043510 67.453 -139.7797
168.253976 67.417 -139.2410
169.473213 67.379 -138.6739
170.701286 67.342 -138.1031
171.938258 67.304 -137.5436
173.184194 67.263 -136.9786
174.439158 67.219 -136.3546
175.703216 67.173 -135.6479
176.976434 67.122 -134.8931
178.258878 67.061 -134.0907
179.550615 66.988 -133.2220
180.851713 66.910 -132.3512
182.162239 66.829 -131.5565
183.482262 66.748 -130.8535
184.811850 66.669 -130.2855
186.151073 66.587 -129.8258
187.500000 66.497 -129.3840
188.858702 66.402 -128.8508
190.227250 66.313 -128.1415
191.605715 66.240 -127.2638
192.994169 66.188 -126.2214
194.392685 66.155 -124.9676
195.801334 66.142 -123.4633
197.220191 66.143 -121.7478
198.649330 66.151 -119.9286
200.088825 66.160 -118.1519
201.538751 66.165 -116.5234
202.999184 66.173 -115.0964
204.470200 66.193 -113.8492
205.951875 66.234 -112.6845
207.444287 66.303 -111.4943
208.947514 66.397 -110.2194
210.461634 66.506 -108.8863
211.986726 66.619 -107.5771
213.522869 66.727 -106.3639
215.070144 66.826 -105.2474
216.628631 66.927 -104.2141
218.198411 67.036 -103.2840
219.779567 67.150 -102.4536
221.372180 67.266 -101.7060
222.976334 67.376 -101.0185
224.592112 67.480 -100.3743
226.219600 67.578 -99.7756
227.858880 67.670 -99.2226
229.510039 67.757 -98.7037
231.173164 67.840 -98.2144
232.848340 67.918 -97.7612
234.535655 67.991 -97.3231
236.235197 68.059 -96.8744
237.947054 68.123 -96.4189
239.671317 68.182 -95.9497
241.408074 68.235 -95.4373
243.157416 68.287 -94.8893
244.919435 68.338 -94.3426
246.694223 68.389 -93.8107
248.481871 68.439 -93.2828
250.282473 68.486 -92.7422
252.096123 68.531 -92.1868
253.922915 68.575 -91.6243
255.762945 68.617 -91.0646
257.616309 68.660 -90.5209
259.483103 68.701 -89.9931
261.363424 68.741 -89.4604
263.257372 68.782 -88.9077
265.165043 68.822 -88.3437
267.086538 68.862 -87.7691
269.021957 68.901 -87.1692
270.971401 68.941 -86.5536
272.934972 68.983 -85.9483
274.912771 69.025 -85.3631
276.904902 69.067 -84.7882
278.911469 69.108 -84.2079
280.932577 69.149 -83.6137
282.968330 69.191 -83.0081
285.018835 69.234 -82.4001
287.084199 69.277 -81.8003
289.164530 69.319 -81.2135
291.259935 69.360 -80.6270
293.370525 69.401 -80.0147
295.496408 69.444 -79.3686
297.637697 69.488 -78.7078
299.794503 69.532 -78.0517
301.966937 69.576 -77.4084
304.155114 69.619 -76.7778
306.359147 69.664 -76.1604
308.579152 69.709 -75.5504
310.815244 69.755 -74.9329
313.067539 69.800 -74.2939
315.336156 69.845 -73.6362
317.621211 69.890 -72.9737
319.922826 69.934 -72.3116
322.241118 69.978 -71.6472
324.576210 70.023 -70.9724
326.928223 70.070 -70.2814
329.297280 70.119 -69.5803
331.683504 70.171 -68.8867
334.087019 70.223 -68.2139
336.507952 70.276 -67.5514
338.946427 70.329 -66.8834
341.402572 70.384 -66.2059
343.876516 70.439 -65.5218
346.368387 70.495 -64.8345
348.878315 70.551 -64.1473
351.406431 70.609 -63.4648
353.952867 70.669 -62.7952
356.517756 70.731 -62.1391
359.101230 70.793 -61.4878
361.703426 70.854 -60.8365
364.324478 70.913 -60.1821
366.964523 70.973 -59.5215
369.623699 71.033 -58.8584
372.302145 71.093 -58.2022
375.000000 71.153 -57.5550
377.717405 71.214 -56.9118
380.454501 71.274 -56.2677
383.211431 71.335 -55.6184
385.988339 71.397 -54.9636
388.785369 71.459 -54.3070
391.602668 71.523 -53.6526
394.440383 71.587 -53.0006
397.298660 71.651 -52.3467
400.177650 71.715 -51.6905
403.077502 71.781 -51.0336
405.998368 71.847 -50.3762
408.940400 71.913 -49.7211
411.903750 71.979 -49.0713
414.888575 72.046 -48.4244
417.895028 72.113 -47.7754
420.923268 72.182 -47.1228
423.973452 72.250 -46.4688
427.045738 72.318 -45.8155
430.140287 72.387 -45.1683
433.257261 72.457 -44.5287
436.396822 72.527 -43.8895
439.559133 72.599 -43.2467
442.744360 72.670 -42.6028
445.952668 72.742 -41.9612
449.184225 72.815 -41.3210
452.439199 72.887 -40.6827
455.717760 72.960 -40.0480
459.020079 73.033 -39.4155
462.346327 73.107 -38.7833
465.696680 73.181 -38.1527
469.071310 73.255 -37.5251
472.470394 73.330 -36.9012
475.894109 73.404 -36.2824
479.342634 73.479 -35.6643
482.816148 73.555 -35.0387
486.314833 73.631 -34.4062
489.838871 73.707 -33.7760
493.388445 73.784 -33.1533
496.963741 73.862 -32.5351
500.564945 73.939 -31.9183
504.192245 74.017 -31.3038
507.845830 74.095 -30.6908
511.525890 74.173 -30.0768
515.232618 74.251 -29.4615
518.966206 74.330 -28.8473
522.726849 74.409 -28.2368
526.514743 74.489 -27.6304
530.330086 74.568 -27.0258
534.173076 74.648 -26.4218
538.043915 74.728 -25.8198
541.942803 74.809 -25.2198
545.869944 74.890 -24.6212
549.825542 74.971 -24.0233
553.809805 75.052 -23.4247
557.822939 75.133 -22.8255
561.865154 75.214 -22.2280
565.936660 75.296 -21.6333
570.037671 75.378 -21.0389
574.168399 75.460 -20.4441
578.329060 75.542 -19.8526
582.519870 75.625 -19.2654
586.741049 75.709 -18.6793
590.992817 75.792 -18.0925
595.275394 75.876 -17.5057
599.589005 75.960 -16.9203
603.933874 76.044 -16.3360
608.310228 76.128 -15.7513
612.718295 76.213 -15.1659
617.158304 76.298 -14.5810
621.630488 76.383 -13.9967
626.135079 76.468 -13.4132
630.672311 76.554 -12.8326
635.242423 76.640 -12.2563
639.845651 76.727 -11.6817
644.482237 76.814 -11.1052
649.152421 76.901 -10.5263
653.856447 76.988 -9.9469
658.594560 77.075 -9.3682
663.367008 77.163 -8.7915
668.174039 77.251 -8.2180
673.015903 77.340 -7.6475
677.892854 77.429 -7.0778
682.805145 77.518 -6.5078
687.753032 77.608 -5.9373
692.736774 77.697 -5.3650
697.756631 77.788 -4.7924
702.812863 77.878 -4.2238
707.905735 77.969 -3.6609
713.035511 78.060 -3.1002
718.202461 78.152 -2.5379
723.406852 78.244 -1.9735
728.648956 78.337 -1.4085
733.929047 78.431 -0.8445
739.247399 78.525 -0.2830
744.604290 78.619 0.2758
750.000000 78.714 0.8328
755.434809 78.810 1.3890
760.909001 78.907 1.9437
766.422861 79.003 2.4963
771.976677 79.101 3.0478
777.570739 79.199 3.5991
783.205337 79.298 4.1493
788.880766 79.397 4.6971
794.597321 79.496 5.2418
800.355301 79.596 5.7833
806.155005 79.697 6.3221
811.996736 79.799 6.8577
817.880799 79.901 7.3893
823.807501 80.005 7.9163
829.777150 80.109 8.4390
835.790057 80.214 8.9588
841.846536 80.319 9.4772
847.946903 80.426 9.9944
854.091476 80.533 10.5072
860.280575 80.640 11.0136
866.514523 80.748 11.5131
872.793644 80.857 12.0065
879.118267 80.967 12.4947
885.488720 81.078 12.9765
891.905336 81.190 13.4514
898.368450 81.302 13.9188
904.878398 81.415 14.3789
911.435520 81.528 14.8317
918.040157 81.642 15.2768
924.692655 81.757 15.7136
931.393359 81.872 16.1423
938.142619 81.989 16.5622
944.940787 82.105 16.9733
951.788218 82.223 17.3754
958.685268 82.340 17.7671
965.632296 82.458 18.1491
972.629666 82.576 18.5210
979.677741 82.694 18.8791
986.776890 82.813 19.2229
993.927482 82.931 19.5581
1001.129891 83.049 19.8897
1008.384491 83.168 20.2152
1015.691660 83.288 20.5282
1023.051781 83.409 20.8229
1030.465236 83.531 21.0969
1037.932411 83.652 21.3518
1045.453698 83.773 21.5907
1053.029486 83.893 21.8182
1060.660172 84.012 22.0386
1068.346153 84.131 22.2552
1076.087829 84.248 22.4689
1083.885605 84.363 22.6766
1091.739887 84.476 22.8724
1099.651084 84.587 23.0511
1107.619609 84.698 23.2132
1115.645878 84.807 23.3649
1123.730308 84.916 23.5101
1131.873321 85.024 23.6468
1140.075341 85.130 23.7737
1148.336797 85.235 23.8920
1156.658119 85.338 24.0025
1165.039741 85.440 24.1055
1173.482099 85.541 24.2017
1181.985634 85.640 24.2909
1190.550789 85.738 24.3739
1199.178011 85.835 24.4513
1207.867749 85.930 24.5241
1216.620457 86.024 24.5926
1225.436590 86.117 24.6570
1234.316609 86.208 24.7175
1243.260976 86.298 24.7744
1252.270157 86.386 24.8280
1261.344623 86.473 24.8786
1270.484846 86.558 24.9261
1279.691303 86.643 24.9706
1288.964474 86.726 25.0128
1298.304842 86.808 25.0531
1307.712894 86.889 25.0925
1317.189120 86.970 25.1320
1326.734016 87.049 25.1714
1336.348077 87.127 25.2101
1346.031806 87.204 25.2482
1355.785708 87.280 25.2857
1365.610290 87.355 25.3223
1375.506065 87.430 25.3581
1385.473549 87.503 25.3932
1395.513261 87.577 25.4280
1405.625726 87.649 25.4626
1415.811469 87.721 25.4969
1426.071023 87.792 25.5311
1436.404921 87.863 25.5652
1446.813703 87.934 25.5991
1457.297912 88.004 25.6323
1467.858093 88.074 25.6643
1478.494798 88.144 25.6949
1489.208581 88.213 25.7239
1500.000000 88.282 25.7510
1510.869618 88.352 25.7761
1521.818002 88.421 25.7991
1532.845723 88.490 25.8200
1543.953355 88.559 25.8380
1555.141477 88.629 25.8524
1566.410674 88.699 25.8627
1577.761531 88.769 25.8685
1589.194642 88.839 25.8690
1600.710601 88.910 25.8635
1612.310010 88.981 25.8511
1623.993473 89.053 25.8311
1635.761599 89.124 25.8027
1647.615002 89.196 25.7646
1659.554299 89.269 25.7154
1671.580114 89.342 25.6539
1683.693072 89.415 25.5800
1695.893807 89.488 25.4932
1708.182952 89.561 25.3930
1720.561150 89.634 25.2787
1733.029045 89.707 25.1496
1745.587288 89.780 25.0049
1758.236533 89.853 24.8441
1770.977440 89.925 24.6666
1783.810673 89.997 24.4712
1796.736900 90.069 24.2571
1809.756796 90.140 24.0235
1822.871040 90.211 23.7695
1836.080315 90.281 23.4943
1849.385310 90.349 23.1968
1862.786718 90.417 22.8765
1876.285239 90.484 22.5329
1889.881575 90.549 22.1652
1903.576436 90.613 21.7724
1917.370535 90.675 21.3538
1931.264593 90.735 20.9082
1945.259332 90.792 20.4346
1959.355483 90.848 19.9323
1973.553781 90.901 19.4001
1987.854965 90.951 18.8368
2002.259781 90.997 18.2413
2016.768981 91.039 17.6127
2031.383320 91.078 16.9503
2046.103561 91.111 16.2548
2060.930471 91.138 15.5268
2075.864823 91.159 14.7676
2090.907395 91.174 13.9787
2106.058972 91.181 13.1634
2121.320344 91.181 12.3253
2136.692305 91.172 11.4680
2152.175658 91.156 10.5943
2167.771210 91.131 9.7067
2183.479774 91.098 8.8073
2199.302169 91.055 7.8985
2215.239219 91.003 6.9830
2231.291755 90.942 6.0644
2247.460615 90.871 5.1475
2263.746641 90.790 4.2366
2280.150683 90.699 3.3365
2296.673595 90.598 2.4515
2313.316238 90.487 1.5858
2330.079481 90.366 0.7439
2346.964198 90.235 -0.0703
2363.971268 90.095 -0.8529
2381.101578 89.946 -1.6001
2398.356022 89.787 -2.3078
2415.735498 89.620 -2.9718
2433.240913 89.445 -3.5877
2450.873180 89.261 -4.1510
2468.633217 89.069 -4.6564
2486.521951 88.871 -5.0992
2504.540314 88.666 -5.4759
2522.689246 88.456 -5.7831
2540.969692 88.240 -6.0182
2559.382606 88.021 -6.1787
2577.928947 87.798 -6.2625
2596.609683 87.574 -6.2683
2615.425787 87.348 -6.1958
2634.378241 87.122 -6.0456
2653.468031 86.896 -5.8185
2672.696154 86.671 -5.5143
2692.063613 86.448 -5.1328
2711.571415 86.227 -4.6733
2731.220579 86.010 -4.1340
2751.012130 85.797 -3.5135
2770.947098 85.590 -2.8116
2791.026522 85.392 -2.0326
2811.251451 85.205 -1.1869
2831.622938 85.029 -0.2902
2852.142045 84.865 0.6395
2872.809842 84.713 1.5864
2893.627406 84.570 2.5393
2914.595823 84.437 3.4907
2935.716186 84.311 4.4380
2956.989596 84.191 5.3842
2978.417161 84.078 6.3351
3000.000000 83.970 7.2942
3021.739237 83.869 8.2581
3043.636005 83.775 9.2191
3065.691446 83.687 10.1736
3087.906710 83.603 11.1215
3110.282955 83.526 12.0590
3132.821347 83.454 12.9773
3155.523062 83.388 13.8685
3178.389283 83.327 14.7315
3201.421202 83.272 15.5711
3224.620020 83.221 16.3903
3247.986946 83.174 17.1879
3271.523198 83.130 17.9633
3295.230004 83.088 18.7158
3319.108599 83.048 19.4454
3343.160228 83.011 20.1531
3367.386145 82.975 20.8408
3391.787613 82.941 21.5097
3416.365904 82.909 22.1594
3441.122300 82.878 22.7900
3466.058091 82.849 23.4028
3491.174576 82.821 23.9987
3516.473066 82.795 24.5772
3541.954880 82.770 25.1373
3567.621345 82.746 25.6796
3593.473800 82.723 26.2056
3619.513592 82.701 26.7158
3645.742080 82.681 27.2096
3672.160630 82.662 27.6857
3698.770620 82.643 28.1435
3725.573436 82.627 28.5828
3752.570477 82.611 29.0019
3779.763150 82.597 29.3999
3807.152872 82.584 29.7755
3834.741071 82.572 30.1271
3862.529185 82.561 30.4537
3890.518664 82.550 30.7539
3918.710966 82.539 31.0262
3947.107561 82.528 31.2709
3975.709929 82.516 31.4887
4004.519563 82.504 31.6788
4033.537962 82.491 31.8414
4062.766641 82.477 31.9776
4092.207123 82.461 32.0877
4121.860942 82.444 32.1716
4151.729646 82.425 32.2306
4181.814790 82.404 32.2672
4212.117944 82.380 32.2823
4242.640687 82.355 32.2766
4273.384610 82.327 32.2508
4304.351317 82.297 32.2052
4335.542421 82.265 32.1397
4366.959549 82.230 32.0541
4398.604338 82.192 31.9489
4430.478438 82.152 31.8249
4462.583511 82.109 31.6825
4494.921231 82.062 31.5206
4527.493283 82.012 31.3373
4560.301365 81.957 31.1339
4593.347189 81.898 30.9132
4626.632476 81.833 30.6785
4660.158962 81.762 30.4338
4693.928395 81.685 30.1855
4727.942535 81.601 29.9409
4762.203156 81.510 29.7068
4796.712043 81.413 29.4899
4831.470996 81.310 29.2974
4866.481826 81.202 29.1357
4901.746360 81.088 29.0123
4937.266434 80.970 28.9357
4973.043902 80.850 28.9114
5009.080628 80.729 28.9423
5045.378492 80.609 29.0295
5081.939384 80.492 29.1704
5118.765212 80.380 29.3605
5155.857894 80.273 29.5956
5193.219366 80.174 29.8695
5230.851574 80.083 30.1723
5268.756481 80.002 30.4917
5306.936062 79.930 30.8153
5345.392309 79.869 31.1294
5384.127225 79.818 31.4213
5423.142830 79.775 31.6817
5462.441159 79.740 31.9033
5502.024259 79.712 32.0807
5541.894195 79.689 32.2080
5582.053045 79.670 32.2800
5622.502902 79.653 32.2971
5663.245876 79.637 32.2641
5704.284090 79.621 32.1861
5745.619684 79.604 32.0678
5787.254813 79.586 31.9138
5829.191647 79.566 31.7284
5871.432373 79.544 31.5161
5913.979192 79.520 31.2815
5956.834323 79.494 31.0290
6000.000000 79.465 30.7617
6043.478473 79.435 30.4815
6087.272010 79.402 30.1898
6131.382892 79.369 29.8876
6175.813420 79.334 29.5782
6220.565910 79.299 29.2649
6265.642695 79.264 28.9503
6311.046124 79.229 28.6369
6356.778566 79.196 28.3257
6402.842404 79.165 28.0175
6449.240040 79.136 27.7148
6495.973891 79.110 27.4214
6543.046396 79.087 27.1388
6590.460007 79.069 26.8670
6638.217197 79.057 26.6058
6686.320456 79.051 26.3541
6734.772290 79.052 26.1102
6783.575226 79.062 25.8722
6832.731809 79.081 25.6371
6882.244600 79.110 25.4003
6932.116181 79.151 25.1553
6982.349153 79.205 24.8961
7032.946133 79.274 24.6163
7083.909760 79.358 24.3063
7135.242690 79.460 23.9528
7186.947600 79.580 23.5417
7239.027185 79.722 23.0584
7291.484160 79.884 22.4874
7344.321260 80.070 21.8102
7397.541239 80.281 21.0039
7451.146872 80.518 20.0392
7505.140954 80.783 18.8794
7559.526299 81.076 17.4792
7614.305743 81.397 15.7840
7669.482141 81.741 13.7312
7725.058371 82.104 11.2538
7781.037328 82.476 8.2852
7837.421932 82.842 4.7663
7894.215122 83.185 0.6582
7951.419859 83.482 -4.0454
8009.039125 83.708 -9.3009
8067.075924 83.838 -15.0015
8125.533282 83.853 -20.9923
8184.414245 83.741 -27.0908
8243.721885 83.503 -33.0993
8303.459292 83.150 -38.8294
8363.629581 82.699 -44.1280
8424.235888 82.173 -48.8928
8485.281374 81.598 -53.0810
8546.769221 81.000 -56.7027
8608.702634 80.400 -59.7986
8671.084842 79.814 -62.4262
8733.919097 79.255 -64.6583
8797.208675 78.728 -66.5732
8860.956876 78.237 -68.2474
8925.167022 77.783 -69.7497
8989.842461 77.365 -71.1387
9054.986566 76.980 -72.4621
9120.602731 76.626 -73.7594
9186.694378 76.299 -75.0626
9253.264952 75.995 -76.3963
9320.317925 75.710 -77.7783
9387.856790 75.442 -79.2211
9455.885071 75.186 -80.7298
9524.406312 74.939 -82.3010
9593.424086 74.696 -83.9258
9662.941992 74.457 -85.5928
9732.963653 74.219 -87.2904
9803.492719 73.981 -89.0105
9874.532869 73.745 -90.7484
9946.087805 73.509 -92.5020
10018.161257 73.274 -94.2681
10090.756983 73.040 -96.0433
10163.878768 72.807 -97.8224
10237.530423 72.576 -99.5985
10311.715789 72.347 -101.3656
10386.438732 72.124 -103.1204
10461.703149 71.907 -104.8619
10537.512962 71.697 -106.5920
10613.872125 71.495 -108.3153
10690.784618 71.303 -110.0360
10768.254450 71.120 -111.7592
10846.285661 70.948 -113.4907
10924.882318 70.787 -115.2398
11004.048518 70.637 -117.0166
11083.788390 70.496 -118.8306
11164.106090 70.365 -120.6890
11245.005805 70.243 -122.5964
11326.491752 70.129 -124.5559
11408.568180 70.023 -126.5677
11491.239368 69.926 -128.6301
11574.509626 69.838 -130.7380
11658.383294 69.761 -132.8880
11742.864745 69.694 -135.0827
11827.958384 69.640 -137.3304
11913.668646 69.598 -139.6428
12000.000000 69.566 -142.0314
12086.956947 69.542 -144.5017
12174.544019 69.526 -147.0533
12262.765784 69.516 -149.6845
12351.626840 69.513 -152.3922
12441.131819 69.515 -155.1689
12531.285389 69.525 -158.0074
12622.092249 69.545 -160.9041
12713.557132 69.575 -163.8634
12805.684808 69.616 -166.8968
12898.480079 69.666 -170.0159
12991.947783 69.724 -173.2228
13086.092792 69.789 -176.5068
13180.920015 69.859 -179.8483
13276.434395 69.938 176.7753
13372.640911 70.029 173.3827
13469.544580 70.139 169.9807
13567.150452 70.276 166.5560
13665.463617 70.445 163.0748
13764.489200 70.649 159.4935
13864.232362 70.888 155.7764
13964.698305 71.161 151.9017
14065.892266 71.470 147.8576
14167.819519 71.819 143.6305
14270.485380 72.216 139.1919
14373.895200 72.668 134.4929
14478.054370 73.183 129.4641
14582.968320 73.767 124.0163
14688.642520 74.423 118.0441
14795.082478 75.151 111.4201
14902.293745 75.947 103.9866
15010.281908 76.793 95.5589
15119.052599 77.662 85.9431
15228.611486 78.505 74.9760
15338.964283 79.257 62.5818
15450.116741 79.842 48.8363
15562.074656 80.187 34.0092
15674.843864 80.239 18.5567
15788.430244 79.979 3.0421
15902.839718 79.429 -11.9924
16018.078250 78.639 -26.1361
16134.151848 77.681 -39.1614
16251.066563 76.627 -51.0208
16368.828491 75.541 -61.8021
16487.443769 74.468 -71.6653
16606.918584 73.439 -80.7889
16727.259161 72.467 -89.3389
16848.471777 71.559 -97.4595
16970.562748 70.715 -105.2749
17093.538442 69.934 -112.8932
17217.405268 69.210 -120.4100
17342.169684 68.539 -127.9084
17467.838194 67.913 -135.4558
17594.417350 67.325 -143.1022
17721.913751 66.764 -150.8832
17850.334044 66.220 -158.8161
17979.684923 65.683 -166.8988
18109.973131 65.141 -175.1130
18241.205462 64.585 176.5749
18373.388756 64.010 168.2183
18506.529905 63.416 159.8854
18640.635849 62.802 151.6409
18775.713581 62.174 143.5311
18911.770141 61.539 135.5806
19048.812624 60.905 127.7946
19186.848172 60.280 120.1617
19325.883983 59.671 112.6530
19465.927305 59.089 105.2333
19606.985439 58.544 97.8990
19749.065738 58.064 90.7858
19892.175609 57.694 84.4416
20036.322514 57.498 80.2609
